1 0.438988541015625 0.334448958984375 0.434523958984375 0.481770833984375 0.602678125 0.474330208984375 0.598214583984375 0.332961458984375 0.438988541015625 0.334448958984375
1 0.440476041015625 0.217261458984375 0.436011458984375 0.337426041015625 0.599702083984375 0.334448958984375 0.596726041015625 0.218378125 0.440476041015625 0.217261458984375
0 0.080357291015625 0.477678125 0.032738541015625 0.646948958984375 0.230655208984375 0.651413541015625 0.255952083984375 0.480282291015625 0.080357291015625 0.477678125
0 0.252976041015625 0.480655208984375 0.229166666015625 0.658854166015625 0.428571875 0.652902083984375 0.428571875 0.483259375 0.252976041015625 0.480655208984375
0 0.428571875 0.482142708984375 0.424107291015625 0.658854166015625 0.614583333984375 0.652902083984375 0.604166666015625 0.47581875 0.428571875 0.482142708984375
0 0.61011875 0.47730625 0.613094791015625 0.657365625 0.805059375 0.6484375 0.78125 0.47730625 0.61011875 0.47730625
0 0.787202083984375 0.474702083984375 0.803571875 0.652902083984375 0.988094791015625 0.639509375 0.950892708984375 0.468378125 0.787202083984375 0.474702083984375
0 0.034226041015625 0.648809375 0 0.838913541015625 0.206845833984375 0.837426041015625 0.232142708984375 0.654389583984375 0.034226041015625 0.648809375
0 0.227678125 0.651785416015625 0.196428125 0.841889583984375 0.412202083984375 0.838913541015625 0.42125 0.655317708984375 0.227678125 0.651785416015625
0 0.425594791015625 0.650297916015625 0.415178125 0.843378125 0.626488541015625 0.841889583984375 0.611666666015625 0.654069791015625 0.425594791015625 0.650297916015625
0 0.614583333984375 0.642857291015625 0.623511458984375 0.846354166015625 0.836309375 0.840402083984375 0.803571875 0.642485416015625 0.614583333984375 0.642857291015625
0 0.806547916015625 0.648809375 0.834821875 0.841889583984375 0.9985125 0.838913541015625 0.992559375 0.642485416015625 0.806547916015625 0.648809375