0 0 0.8707546875 0.0739625 0.8759625 0.130140625 0.665015625 0 0.6702796875 0 0.8707546875
0 0.1258015625 0.6693546875 0.0741796875 0.8664203125 0.349209375 0.869890625 0.3717671875 0.6772265625 0.1258015625 0.6693546875
0 0.6103578125 0.675490625 0.3752375 0.6736921875 0.358753125 0.8690234375 0.62076875 0.870759375 0.6103578125 0.675490625
0 0.8437421875 0.67809375 0.6077546875 0.6763578125 0.627709375 0.869890625 0.8905921875 0.8672875 0.8437421875 0.67809375
0 0.846128125 0.6824328125 0.89991875 0.8716265625 0.9984375 0.875965625 0.9984375 0.681565625 0.846128125 0.6824328125
0 0.124284375 0.6718421875 0.1724359375 0.5142703125 0 0.508684375 0.0019515625 0.6605609375 0.124284375 0.6718421875
0 0.3941078125 0.5173625 0.1746046875 0.5164390625 0.1294890625 0.665765625 0.3698140625 0.6744453125 0.3941078125 0.5173625
0 0.5997296875 0.5190984375 0.3915046875 0.5164390625 0.374153125 0.671840625 0.610140625 0.672709375 0.5997296875 0.5190984375
0 0.6066703125 0.52256875 0.618815625 0.6770484375 0.8478625 0.6813875 0.81489375 0.526040625 0.6066703125 0.52256875
0 0.9984375 0.526040625 0.8157609375 0.5312484375 0.8495984375 0.6805203125 0.9984375 0.683990625 0.9984375 0.526040625
1 0.5920015625 0.3964046875 0.402959375 0.3938109375 0.38764375 0.5152734375 0.59858125 0.517740625 0.5920015625 0.3964046875
1 0.412725 0.2894734375 0.4028578125 0.39181875 0.589534375 0.3946984375 0.58665625 0.2935171875 0.412725 0.2894734375
1 0.419921875 0.20106875 0.4123140625 0.29035625 0.5891234375 0.2924125 0.5833671875 0.2035703125 0.419921875 0.20106875
1 0.5776109375 0.126390625 0.42835 0.1255671875 0.421771875 0.200425 0.5813109375 0.2020703125 0.5776109375 0.126390625
1 0.4357515625 0.0601703125 0.4291734375 0.126390625 0.5767875 0.125978125 0.5755546875 0.0626375 0.4357515625 0.0601703125
1 0.4425359375 0.0062703125 0.4386296875 0.06058125 0.5743203125 0.0626375 0.571853125 0.0083453125 0.4425359375 0.0062703125