1 0.3155359375 0.6230953125 0.2629859375 0.8244796875 0.476940625 0.8357328125 0.491015625 0.631290625 0.3155359375 0.6230953125
1 0.4914859375 0.6324796875 0.476940625 0.8432359375 0.696525 0.861053125 0.6693109375 0.6425453125 0.4914859375 0.6324796875
1 0.3589375 0.4811625 0.316475 0.620975 0.491015625 0.6247265625 0.5050921875 0.48593125 0.3589375 0.4811625
1 0.5050921875 0.48686875 0.4919546875 0.6256640625 0.674003125 0.63785625 0.654296875 0.4924953125 0.5050921875 0.48686875
1 0.5133265625 0.385384375 0.38338125 0.378921875 0.35665625 0.47951875 0.504084375 0.4861953125 0.5133265625 0.385384375
1 0.6433796875 0.3892421875 0.5105875 0.386840625 0.5021765625 0.4853203125 0.655396875 0.4913265625 0.6433796875 0.3892421875
1 0.5196015625 0.3087765625 0.404234375 0.306975 0.38500625 0.3808359375 0.511790625 0.3856390625 0.5196015625 0.3087765625
1 0.63541875 0.3118515625 0.5196015625 0.309978125 0.512390625 0.3838375 0.64458125 0.3892421875 0.63541875 0.3118515625
0 0.9166359375 0.202215625 0.81830625 0.2007390625 0.8488609375 0.2540375 0.9594125 0.255146875 0.9166359375 0.202215625
0 0.8458046875 0.254296875 0.879415625 0.31621875 0.9984375 0.317328125 0.95885625 0.255703125 0.8458046875 0.254296875
0 0.8460828125 0.2529265625 0.7366421875 0.2501515625 0.757196875 0.3128875 0.8771921875 0.313996875 0.8460828125 0.2529265625
0 0.8166390625 0.202909375 0.7194203125 0.2007390625 0.73553125 0.2512609375 0.8455265625 0.2534828125 0.8166390625 0.202909375
0 0.7196390625 0.202084375 0.623621875 0.202025 0.62830625 0.24844375 0.73408125 0.248834375 0.7196390625 0.202084375
0 0.7352515625 0.2503859375 0.6290875 0.248834375 0.6349421875 0.311634375 0.7582796875 0.313975 0.7352515625 0.2503859375
0 0.6220609375 0.202084375 0.5287765625 0.20280625 0.5248734375 0.250003125 0.627525 0.248053125 0.6220609375 0.202084375
0 0.6337703125 0.310884375 0.627915625 0.2472734375 0.5240921875 0.248834375 0.5197984375 0.3089046875 0.6337703125 0.310884375
0 0.5287765625 0.2034875 0.436271875 0.2023171875 0.4230015625 0.249515625 0.5240921875 0.24795625 0.5287765625 0.2034875
0 0.5235078125 0.248434375 0.42183125 0.2487359375 0.405828125 0.30685625 0.518628125 0.3080265625 0.5235078125 0.248434375
0 0.436271875 0.2027078125 0.4366625 0.201596875 0.346109375 0.2007578125 0.32308125 0.245615625 0.42183125 0.2483453125 0.436271875 0.2027078125
0 0.4230015625 0.2503859375 0.3223015625 0.245615625 0.295759375 0.30490625 0.4054375 0.3076359375 0.4230015625 0.2503859375
0 0.346403125 0.2001328125 0.2583875 0.1987015625 0.2252109375 0.243559375 0.324740625 0.24395 0.346403125 0.2001328125
0 0.32005625 0.24404375 0.2248203125 0.24395 0.1850078125 0.3016796875 0.293515625 0.303240625 0.32005625 0.24404375
0 0.081184375 0.295828125 0.18813125 0.2997296875 0.22426312890625 0.244995166015625 0.1303640625 0.241609375 0.081184375 0.295828125
0 0.25663125 0.1996453125 0.1701765625 0.2002625 0.1303640625 0.2427796875 0.22638125 0.244340625 0.25663125 0.1996453125
0 0.0362984375 0.2380984375 0.129290625 0.2420921875 0.1697859375 0.2006515625 0.08586875 0.1994828125 0.0362984375 0.2380984375