1 0.5767421875 0.81558125 0.734765625 0.818790625 0.713909375 0.659965625 0.5743359375 0.65194375 0.5767421875 0.81558125
1 0.732359375 0.818990625 0.578346875 0.81076875 0.5895765625 0.9941875 0.7708625 0.9984375 0.732359375 0.818990625
1 0.5670546875 0.5437421875 0.572540625 0.656021875 0.7069328125 0.6587640625 0.6849921875 0.5449421875 0.5670546875 0.5437421875
1 0.5615703125 0.452546875 0.5670546875 0.5435703125 0.6870484375 0.545628125 0.67265 0.453746875 0.5615703125 0.452546875
1 0.6486515625 0.381921875 0.556084375 0.381065625 0.560884375 0.452375 0.6705921875 0.45031875 0.6486515625 0.381921875
1 0.47208125 0.3156640625 0.4707109375 0.3116359375 0.4669390625 0.3811453125 0.5581328125 0.3801171875 0.5557328125 0.3177203125 0.47208125 0.3156640625
1 0.46728125 0.314978125 0.5543625 0.31540625 0.5523046875 0.2690390625 0.472425 0.26698125 0.46728125 0.314978125
1 0.4693390625 0.3156640625 0.4731109375 0.2670671875 0.3956296875 0.2656109375 0.384659375 0.31600625 0.4693390625 0.3156640625
1 0.4621390625 0.3787453125 0.466596875 0.3184921875 0.3829453125 0.31360625 0.368203125 0.376003125 0.4621390625 0.3787453125
1 0.379859375 0.3153203125 0.3935734375 0.2650109375 0.31540625 0.26458125 0.2972359375 0.31395 0.379859375 0.3153203125
1 0.371975 0.37943125 0.38123125 0.319178125 0.2965515625 0.3142921875 0.272209375 0.37463125 0.371975 0.37943125
1 0.5499046875 0.22515625 0.555390625 0.2690390625 0.63595625 0.2714390625 0.6270421875 0.226184375 0.5499046875 0.22515625
1 0.5512765625 0.1889015625 0.5536765625 0.2278984375 0.6260140625 0.2278984375 0.620528125 0.1884734375 0.5512765625 0.1889015625
1 0.6119578125 0.1570171875 0.5475046875 0.156246875 0.548534375 0.1905296875 0.6191578125 0.190871875 0.6119578125 0.1570171875
0 0.098921875 0.529984375 0.0406171875 0.64511875 0.1749140625 0.6503609375 0.217496875 0.5317859375 0.098921875 0.529984375
0 0 0.50230625 0.0006546875 0.5265453125 0.0982671875 0.5330953125 0.1447796875 0.440725 0.0406171875 0.43745 0 0.50230625
0 0.1460890625 0.4441640625 0.0976109375 0.5265453125 0.21553125 0.532440625 0.2482859375 0.445965625 0.1460890625 0.4441640625
0 0.1808109375 0.3747234375 0.1447796875 0.438759375 0.2502515625 0.44465625 0.274490625 0.374559375 0.1808109375 0.3747234375
0 0.088440625 0.3680078125 0.0438921875 0.4348296875 0.144125 0.4433453125 0.1801546875 0.37259375 0.088440625 0.3680078125
0 0.125453125 0.3085296875 0.0886140625 0.3657796875 0.1836984375 0.3702609375 0.2110796875 0.3125125 0.125453125 0.3085296875
0 0.1817078125 0.3702609375 0.2743046875 0.37275 0.29670625 0.3130109375 0.2095859375 0.3135078125 0.1817078125 0.3702609375
0 0.15631875 0.2627296875 0.128440625 0.3085296875 0.2110796875 0.3100234375 0.234975 0.26223125 0.15631875 0.2627296875
0 0.2334828125 0.2612359375 0.23646875 0.26223125 0.21058125 0.3115171875 0.294715625 0.3120140625 0.314628125 0.26521875 0.2334828125 0.2612359375
0 0.234975 0.26521875 0.2553859375 0.22203125 0.1846953125 0.221409375 0.1588078125 0.258746875 0.234975 0.26521875
0 0.2568796875 0.22203125 0.2379625 0.2627296875 0.317615625 0.2657171875 0.3300609375 0.2238984375 0.2568796875 0.22203125
0 0.254390625 0.21941875 0.27679375 0.1861890625 0.2090890625 0.1830765625 0.1866859375 0.219915625 0.254390625 0.21941875
0 0.257378125 0.2189203125 0.329065625 0.22203125 0.343503125 0.1860640625 0.27679375 0.185565625 0.257378125 0.2189203125
0 0.5533875 0.2696109375 0.556821875 0.322309375 0.64225625 0.3218796875 0.6336703125 0.2703609375 0.5533875 0.2696109375
0 0.555534375 0.3202703125 0.55768125 0.3815546875 0.651271875 0.381984375 0.64225625 0.32145 0.555534375 0.3202703125
0 0 0.7976015625 0.1159234375 0.801921875 0.1670453125 0.6544984375 0.0396015625 0.6449578125 0 0.7421609375 0 0.7976015625