1 0.654296875 0.82265625 0.4390625 0.8162078125 0.425 0.99734375 0.671875 0.9984375 0.654296875 0.82265625
1 0.634375 0.5975953125 0.634765625 0.5921875 0.4546875 0.588225 0.440625 0.8146453125 0.6578125 0.8162078125 0.634375 0.5975953125
1 0.5375 0.4305125 0.4609375 0.426171875 0.45 0.5866640625 0.6296875 0.5913484375 0.6140625 0.455496875 0.5375 0.4305125
0 0.6704125 0.33774375 0.693871875 0.2412578125 0.571159375 0.2151078125 0.5332625 0.301675 0.6704125 0.33774375
0 0.5334875 0.2991140625 0.48905 0.4143921875 0.639734375 0.462184375 0.67311875 0.3413515625 0.5334875 0.2991140625
0 0.463559375 0.18858125 0.412353125 0.2701140625 0.5314578125 0.3043796875 0.57025625 0.2115 0.463559375 0.18858125
0 0.4078421875 0.2692125 0.4105484375 0.2709171875 0.3482890625 0.3738140625 0.4836359375 0.4161953125 0.5341640625 0.30528125 0.4078421875 0.2692125
1 0.3552828125 0.162640625 0.2977609375 0.2376515625 0.41325625 0.2674078125 0.4619796875 0.1862515625 0.3552828125 0.162640625
1 0.25715625 0.141165625 0.1958 0.2069921875 0.295053125 0.2349453125 0.3518984375 0.16280625 0.25715625 0.141165625
1 0.0938390625 0.179940625 0.19309375 0.20789375 0.2553515625 0.141165625 0.1657984375 0.11978125 0.1669265625 0.1258359375 0.165121875 0.1231296875 0.0938390625 0.179940625
1 0.0812078125 0.0994796875 0.0081203125 0.157396875 0.1010578125 0.18174375 0.165121875 0.1213265625 0.0812078125 0.0994796875