1 0.76174375 0.938409375 0.834 0.75564375 0.693240625 0.6401875 0.6059703125 0.7799203125 0.76174375 0.938409375
1 0.5712484375 0.5398421875 0.476471875 0.653315625 0.60409375 0.77523125 0.693240625 0.641125 0.5712484375 0.5398421875
1 0.4470578125 0.26560625 0.545965625 0.2988359375 0.58344375 0.224490625 0.490453125 0.1935140625 0.4470578125 0.26560625
1 0.6107765625 0.1565328125 0.523140625 0.1309953125 0.4887625 0.1935140625 0.58344375 0.223928125 0.6107765625 0.1565328125
1 0.6361375 0.101584375 0.5547 0.0797421875 0.52483125 0.1304328125 0.615003125 0.1569046875 0.6361375 0.101584375
1 0.658790625 0.0531125 0.5814703125 0.031615625 0.5554546875 0.077834375 0.637834375 0.1004609375 0.658790625 0.0531125
0 0.3766921875 0.3752125 0.455275 0.2999828125 0.38085 0.245571875 0.2989421875 0.3099765625 0.3766921875 0.3752125
0 0.3766921875 0.3756921875 0.2936421875 0.310896875 0.199571875 0.3889890625 0.2798171875 0.4625359375 0.3766921875 0.3756921875
0 0.466084375 0.452146875 0.3758609375 0.3790171875 0.2802328125 0.465028125 0.372534375 0.5514546875 0.466084375 0.452146875
0 0.4594328125 0.3009 0.3762765625 0.3781859375 0.465253125 0.4525625 0.545496875 0.3686296875 0.4594328125 0.3009
0 0.4661890625 0.452259375 0.37295 0.5544296875 0.4789734375 0.6554 0.5712765625 0.53573125 0.4661890625 0.452259375
0 0.644971875 0.4408265625 0.5444578125 0.3685328125 0.4675390625 0.4537140625 0.573146875 0.5368171875 0.644971875 0.4408265625