1 0.694915625 0.6543375 0.3128375 0.6248390625 0.30449375 0.6843515625 0.5013734375 0.76021875 0.72578125 0.84525625 0.694915625 0.6543375
1 0.3503765625 0.4694640625 0.3153390625 0.620025 0.505815625 0.6341359375 0.5091390625 0.479684375 0.3503765625 0.4694640625
1 0.376446875 0.351628125 0.347875 0.4649546875 0.51055 0.4732921875 0.511384375 0.3599078125 0.376446875 0.351628125
1 0.513053125 0.361575 0.509715625 0.479128125 0.673225 0.4824625 0.654871875 0.3632421875 0.513053125 0.361575
1 0.5204125 0.268803125 0.514853125 0.35885 0.658159375 0.36131875 0.647040625 0.274071875 0.5204125 0.268803125
1 0.399446875 0.2641703125 0.378546875 0.35103125 0.515265625 0.35885 0.5173234375 0.26995625 0.399446875 0.2641703125
1 0.4164328125 0.1962234375 0.400784375 0.26460625 0.521853125 0.2711921875 0.5251484375 0.1983484375 0.4164328125 0.1962234375
1 0.6367453125 0.2049734375 0.5239125 0.1995828125 0.52061875 0.2707796875 0.647040625 0.2732484375 0.6367453125 0.2049734375
1 0.5265890625 0.1421734375 0.426728125 0.13693125 0.415196875 0.1966046875 0.5263828125 0.1986625 0.5265890625 0.1421734375
1 0.628509375 0.1451625 0.5267953125 0.1418703125 0.5267953125 0.1986625 0.6355109375 0.2023671875 0.628509375 0.1451625
1 0.627275 0.1451625 0.6243921875 0.1396 0.6198625 0.0805515625 0.5300890625 0.06779375 0.5288546875 0.141046875 0.627275 0.1451625
1 0.5235015625 0.092896875 0.4382578125 0.090428125 0.4287875 0.1365203125 0.5247359375 0.1418703125 0.5235015625 0.092896875
1 0.4501640625 0.0559328125 0.4403484375 0.0917546875 0.529028125 0.0941234375 0.5303828125 0.0646953125 0.4501640625 0.0559328125
1 0.671996875 0.4894046875 0.5066453125 0.4780234375 0.5016609375 0.6382875 0.69276875 0.6490828125 0.671996875 0.4894046875
0 0.32919375 0.9984375 0.424625 0.9984375 0.4943640625 0.76873125 0.3099234375 0.692221875 0.1768703125 0.9361546875 0.32919375 0.9984375
0 0.503540625 0.769878125 0.42554375 0.9984375 0.698075 0.9984375 0.7145921875 0.846284375 0.503540625 0.769878125