1 0.534375 0.927075 0.7140625 0.9036515625 0.675 0.6803546875 0.515625 0.69909375 0.534375 0.927075
1 0.515625 0.699609375 0.3609375 0.7209546875 0.35 0.9458140625 0.5359375 0.9255140625 0.515625 0.699609375
1 0.505859375 0.535546875 0.3578125 0.5569953125 0.3578125 0.7272015625 0.515625 0.7022171875 0.505859375 0.535546875
1 0.6703125 0.67879375 0.640625 0.52108125 0.501953125 0.535546875 0.503125 0.5382578125 0.521875 0.69909375 0.6703125 0.67879375
1 0.6148375 0.3967171875 0.49040625 0.410415625 0.506021875 0.5372078125 0.6407 0.5186765625 0.6148375 0.3967171875
1 0.4952859375 0.41135625 0.3664625 0.4250453125 0.362559375 0.5528125 0.50309375 0.53428125 0.4952859375 0.41135625
0 0.4830875 0.3064421875 0.4923578125 0.410415625 0.60849375 0.3967625 0.591903125 0.294353125 0.4830875 0.3064421875
0 0.3684140625 0.4211453125 0.4894296875 0.407490625 0.48430625 0.3076625 0.4786953125 0.30410625 0.3703671875 0.3197109375 0.3684140625 0.4211453125
0 0.5958078125 0.2904515625 0.58214375 0.2055984375 0.474790625 0.218278125 0.4816234375 0.30410625 0.5958078125 0.2904515625
0 0.474546875 0.2173890625 0.37329375 0.22803125 0.3703671875 0.3187359375 0.483575 0.30313125 0.474546875 0.2173890625
1 0.5843390625 0.205190625 0.5958078125 0.293378125 0.7070640625 0.2787484375 0.6846171875 0.1938953125 0.5843390625 0.205190625
1 0.7851375 0.1860921875 0.6855921875 0.19665 0.7070640625 0.2787484375 0.8153921875 0.2680203125 0.7851375 0.1860921875
1 0.9227453125 0.2524140625 0.882 0.1759125 0.781234375 0.1851171875 0.8124640625 0.26606875 0.9227453125 0.2524140625