0 0.35925625 0.9984375 0.527975 0.9984375 0.4540875 0.908396875 0.35925625 0.9984375
0 0.3516921875 0.9984375 0.4558328125 0.9095609375 0.34325625 0.7666546875 0.1777375 0.8915203125 0.238825 0.9984375 0.3516921875 0.9984375
0 0.4697953125 0.667184375 0.3476203125 0.7652 0.4558328125 0.904625 0.5803359375 0.77659375 0.4697953125 0.667184375
0 0.6646953125 0.9984375 0.7281109375 0.91843125 0.583971875 0.77538125 0.457578125 0.9073734375 0.5326296875 0.9984375 0.6646953125 0.9984375
1 0.55415625 0.6907640625 0.5243390625 0.7128390625 0.653059375 0.839165625 0.6815671875 0.8054109375 0.55415625 0.6907640625
1 0.4697953125 0.652478125 0.31969375 0.67330625 0.3138765625 0.78620625 0.4686328125 0.665740625 0.4697953125 0.652478125
1 0.6443328125 0.610453125 0.5577921875 0.6881125 0.6844765625 0.80599375 0.77058125 0.701240625 0.6443328125 0.610453125
1 0.4697953125 0.652096875 0.458159375 0.5513921875 0.3284203125 0.5618921875 0.3208578125 0.6695546875 0.4697953125 0.652096875
1 0.719965625 0.54775625 0.644915625 0.60903125 0.772909375 0.6998171875 0.841559375 0.617178125 0.719965625 0.54775625
1 0.781053125 0.4903046875 0.719965625 0.542709375 0.83690625 0.6206921875 0.895084375 0.55085625 0.781053125 0.4903046875
1 0.4476875 0.47461875 0.4459421875 0.472290625 0.33889375 0.47866875 0.3313296875 0.5619140625 0.4564140625 0.55085625 0.4476875 0.47461875