0 0.43266875 0.47893125 0.433328125 0.47893125 0.548046875 0.4802484375 0.5361796875 0.4130421875 0.43530625 0.415678125 0.43266875 0.47893125
0 0.439046875 0.364196875 0.439284375 0.4159203125 0.5386859375 0.41425625 0.5310765625 0.3605453125 0.439046875 0.364196875
0 0.5306015625 0.3603328125 0.537734375 0.41425625 0.63785 0.410215625 0.6216796875 0.3586453125 0.5306015625 0.3603328125
0 0.537734375 0.412946875 0.5489125 0.4798484375 0.6632953125 0.4748578125 0.6380890625 0.409503125 0.537734375 0.412946875
1 0.435096875 0.4822921875 0.4328453125 0.5645953125 0.5647046875 0.56173125 0.549553125 0.47988125 0.435096875 0.4822921875
1 0.429978125 0.5645953125 0.427521875 0.6771375 0.5774 0.6611765625 0.5634765625 0.559684375 0.429978125 0.5645953125
1 0.367834375 0.3680453125 0.3615265625 0.417690625 0.4356453125 0.417428125 0.4361703125 0.3664703125 0.367834375 0.3680453125
1 0.2779453125 0.370003125 0.2556046875 0.4203171875 0.3591609375 0.417165625 0.3686234375 0.3672578125 0.2779453125 0.370003125
1 0.2582328125 0.417640625 0.22748125 0.4891765625 0.3470703125 0.4857625 0.3617890625 0.4153671875 0.2582328125 0.417640625
1 0.3607375 0.4156703125 0.34628125 0.481296875 0.431703125 0.4831359375 0.436696875 0.4151046875 0.3607375 0.4156703125
1 0.1557390625 0.42435625 0.1120796875 0.4976671875 0.2294828125 0.4883546875 0.2593 0.418115625 0.1557390625 0.42435625
1 0.184690625 0.374440625 0.15334375 0.42396875 0.25983125 0.4189140625 0.2771359375 0.36969375 0.184690625 0.374440625
1 0.0921125 0.379609375 0.0552671875 0.4302015625 0.1519859375 0.4231203125 0.180328125 0.3753234375 0.0921125 0.379609375
1 0.054028125 0.4309796875 0.001771875 0.499596875 0.114078125 0.49605625 0.1523390625 0.4252453125 0.054028125 0.4309796875
1 0.4422140625 0.320575 0.439946875 0.362934375 0.5301578125 0.3608953125 0.5249453125 0.3167234375 0.4422140625 0.320575
1 0.4229078125 0.8471203125 0.4172546875 0.9984375 0.6381671875 0.9984375 0.6112046875 0.8382453125 0.4229078125 0.8471203125