1 0.553684375 0.6666640625 0.579740625 0.542634375 0.4227203125 0.54331875 0.379521875 0.66118125 0.553684375 0.6666640625
1 0.3274109375 0.795490625 0.525571875 0.8229 0.55985625 0.670775 0.379521875 0.658440625 0.3274109375 0.795490625
1 0.2190734375 0.6515875 0.3788375 0.6601359375 0.4227203125 0.5440046875 0.2794140625 0.542634375 0.2190734375 0.6515875
1 0.151878125 0.7811 0.3239828125 0.798128125 0.3781515625 0.6591265625 0.2218171875 0.6474765625 0.151878125 0.7811
1 0.581796875 0.5419484375 0.7611015625 0.5487140625 0.767615625 0.447384375 0.6023671875 0.4480703125 0.581796875 0.5419484375
1 0.952234375 0.4415765625 0.7662453125 0.4425875 0.7641875 0.5494859375 0.96851875 0.55085625 0.952234375 0.4415765625
0 0.585396875 0.5461421875 0.5591703125 0.6700890625 0.7593875 0.677628125 0.760759375 0.548115625 0.585396875 0.5461421875
0 0.55625625 0.66785 0.5262578125 0.8222140625 0.746359375 0.840715625 0.7566453125 0.6789984375 0.55625625 0.66785
0 0.9659484375 0.5547125 0.760759375 0.5494859375 0.760759375 0.681053125 0.9836046875 0.68790625 0.9659484375 0.5547125
0 0.7611015625 0.6815640625 0.75733125 0.8468828125 0.9984375 0.86675625 0.989775 0.6899625 0.7611015625 0.6815640625
1 0.1399328125 0.543934375 0.0788328125 0.6413046875 0.223475 0.650165625 0.27723125 0.5421671875 0.1399328125 0.543934375
1 0.078278125 0.63953125 0.004571875 0.7648109375 0.1525390625 0.7825328125 0.219596875 0.6496125 0.078278125 0.63953125