0 0.4331734375 0.511634375 0.317725 0.5132109375 0.2944421875 0.597034375 0.4254125 0.5950921875 0.4331734375 0.511634375
0 0.54668125 0.52425 0.43535625 0.5289765625 0.4254125 0.6174125 0.553471875 0.6125609375 0.54668125 0.52425
0 0.6660109375 0.5339546875 0.54935 0.538678125 0.5583234375 0.631 0.695115625 0.620325 0.6660109375 0.5339546875
0 0.79213125 0.5281328125 0.67183125 0.536253125 0.70190625 0.631 0.8357875 0.622265625 0.79213125 0.5281328125
0 0.8716828125 0.5232796875 0.7943125 0.5314015625 0.8396671875 0.62420625 0.9298921875 0.6212953125 0.8716828125 0.5232796875
0 0.3419796875 0.4513640625 0.32160625 0.511634375 0.4331734375 0.50969375 0.438025 0.44855625 0.3419796875 0.4513640625
0 0.53795 0.4563203125 0.4402078125 0.461065625 0.4351140625 0.529103125 0.5428015625 0.522309375 0.53795 0.4563203125
0 0.5432859375 0.465915625 0.5515328125 0.5407484375 0.6640703125 0.53104375 0.6456375 0.4621421875 0.5432859375 0.465915625
0 0.6495171875 0.4621421875 0.6689203125 0.5339546875 0.79213125 0.5271625 0.7552640625 0.45923125 0.6495171875 0.4621421875
0 0.7591453125 0.459853125 0.7931 0.53104375 0.863921875 0.5232796875 0.8299671875 0.457290625 0.7591453125 0.459853125
0 0.2653375 0.56306875 0.2898328125 0.48046875 0.189665625 0.486403125 0.15376875 0.5591859375 0.2653375 0.56306875
0 0.293471875 0.4854328125 0.3140875 0.423471875 0.22265 0.4262359375 0.1935453125 0.4854328125 0.293471875 0.4854328125
0 0.2061578125 0.4563203125 0.2304109375 0.40406875 0.1498890625 0.4097390625 0.108171875 0.4602015625 0.2061578125 0.4563203125
0 0.16638125 0.5271625 0.19888125 0.457428125 0.112053125 0.45923125 0.0616046875 0.525221875 0.16638125 0.5271625
1 0.5408609375 0.4631125 0.5913078125 0.45923125 0.5845171875 0.4175015625 0.491140625 0.427109375 0.488471875 0.457290625 0.539890625 0.4524375 0.5408609375 0.4631125
1 0.5738453125 0.37383125 0.4913828125 0.3796546875 0.488471875 0.4204125 0.5845171875 0.41265 0.5738453125 0.37383125
1 0.5638390625 0.3303484375 0.4886953125 0.3353609375 0.48775 0.37534375 0.5726671875 0.37071875 0.5638390625 0.3303484375
1 0.48775 0.302175 0.4876453125 0.30278125 0.4890109375 0.3362359375 0.5659421875 0.33203125 0.560896875 0.3009140625 0.48775 0.302175