1 0.5450390625 0.8415140625 0.728240625 0.7094640625 0.6079671875 0.5514140625 0.445571875 0.641690625 0.5450390625 0.8415140625
1 0.6069515625 0.5524296875 0.514590625 0.4367953125 0.3745234375 0.503740625 0.4425265625 0.6457484375 0.6069515625 0.5524296875
0 0.28436875 0.3257046875 0.150590625 0.3778953125 0.17634375 0.467978125 0.323 0.405778125 0.28436875 0.3257046875
0 0.3745078125 0.5044390625 0.32156875 0.4043484375 0.17634375 0.4672625 0.2085375 0.58594375 0.3745078125 0.5044390625
0 0.320853125 0.4050625 0.4517703125 0.35215625 0.4016921875 0.2828078125 0.4009765625 0.2849515625 0.2865140625 0.32284375 0.320853125 0.4050625
0 0.3766546875 0.50586875 0.5168703125 0.4365203125 0.44982623046875 0.351644875 0.323715625 0.4014875 0.3766546875 0.50586875
1 0.611509375 0.3916484375 0.53634375 0.3139875 0.4480234375 0.351546875 0.5175515625 0.4360546875 0.611509375 0.3916484375
1 0.5338375 0.3114828125 0.481221875 0.2507609375 0.4004171875 0.2820609375 0.4499015625 0.34966875 0.5338375 0.3114828125
1 0.3578234375 0.221740625 0.2463265625 0.26265625 0.2820296875 0.328384375 0.3972859375 0.2814359375 0.3578234375 0.221740625
1 0.6108828125 0.3922359375 0.7250421875 0.33605625 0.6403234375 0.2657859375 0.5369703125 0.3133609375 0.6108828125 0.3922359375
1 0.6404796875 0.2674609375 0.5770890625 0.21148125 0.4806703125 0.2482953125 0.5389125 0.312178125 0.6404796875 0.2674609375
1 0.6632078125 0.1821828125 0.5758453125 0.211384375 0.6426109375 0.2674609375 0.736365625 0.2291296875 0.6632078125 0.1821828125
1 0.823728125 0.292303125 0.7356546875 0.229840625 0.6433203125 0.26533125 0.7257109375 0.3363125 0.823728125 0.292303125