1 0.04435 0.1988015625 0.03509375 0.36001875 0.263396875 0.3877671875 0.263396875 0.2390015625 0.04435 0.1988015625
1 0.26416875 0.2479703125 0.25876875 0.3885375 0.4361671875 0.40935 0.4307671875 0.2783125 0.26416875 0.2479703125
1 0.255684375 0.5388453125 0.4406015625 0.546846875 0.4361671875 0.4116625 0.2579984375 0.3877671875 0.255684375 0.5388453125
1 0.0158109375 0.5319078125 0.2564546875 0.5410625 0.25876875 0.3885375 0.035865625 0.3654140625 0.0158109375 0.5319078125
0 0.8110703125 0.9250578125 0.9033234375 0.8974671875 0.891609375 0.780909375 0.7989890625 0.7970078125 0.8110703125 0.9250578125
0 0.7989890625 0.7967921875 0.6858671875 0.818959375 0.704171875 0.96018125 0.813265625 0.9246921875 0.7989890625 0.7967921875
0 0.7632953125 0.8018265625 0.8612234375 0.7855796875 0.8480453125 0.6707 0.750665625 0.679115625 0.7632953125 0.8018265625
0 0.63470625 0.6855921875 0.6463296875 0.8250921875 0.765309375 0.80350625 0.751396875 0.675821875 0.63470625 0.6855921875
0 0.590684375 0.6871640625 0.71433125 0.6782703125 0.7030734375 0.555734375 0.582996875 0.5539046875 0.590684375 0.6871640625
0 0.8031078125 0.5602078125 0.704171875 0.561221875 0.71661875 0.6772 0.8183921875 0.6717109375 0.8031078125 0.5602078125
0 0.643034375 0.552075 0.7556078125 0.558009375 0.7473703125 0.4485375 0.637178125 0.4364640625 0.643034375 0.552075
0 0.509778125 0.5461640625 0.642303125 0.5509203125 0.637178125 0.435675 0.5036875 0.42125 0.509778125 0.5461640625
0 0.4343640625 0.4111046875 0.576040625 0.42756875 0.569084375 0.3097625 0.4298703125 0.28018125 0.4343640625 0.4111046875
0 0.568353125 0.310809375 0.576040625 0.4264703125 0.6909921875 0.4396421875 0.68476875 0.33098125 0.568353125 0.310809375
0 0.476190625 0.2890859375 0.60725 0.3144703125 0.6010265625 0.2060359375 0.4703328125 0.1683515625 0.476190625 0.2890859375
0 0.475 0.1694078125 0.316940625 0.125546875 0.31840625 0.2546953125 0.4783859375 0.2894515625 0.475 0.1694078125
0 0.3167578125 0.1235359375 0.470515625 0.165609375 0.466121875 0.0595109375 0.315659375 0.00316875 0.3167578125 0.1235359375
0 0.1325234375 0 0.1244703125 0.0687390625 0.316209375 0.1241046875 0.31556875 0.004346875 0.2903078125 0 0.1325234375 0
1 0.4364453125 0.40921875 0.4364453125 0.5475625 0.511703125 0.5547 0.5084078125 0.4201984375 0.4364453125 0.40921875