1 0.6747125 0.7674375 0.457728125 0.766734375 0.44220625 0.9984375 0.703221875 0.9984375 0.6747125 0.7674375
1 0.6462046875 0.56975625 0.4719828125 0.571921875 0.4574109375 0.764309375 0.668378125 0.76684375 0.6462046875 0.56975625
1 0.479109375 0.439671875 0.47008125 0.572328125 0.6436703125 0.5672578125 0.62403125 0.4335421875 0.479109375 0.439671875
1 0.505559375 0.3601953125 0.50619375 0.3760390625 0.50619375 0.3823765625 0.482278125 0.3810703125 0.4783171875 0.4362421875 0.6271984375 0.43180625 0.6157953125 0.358928125 0.505559375 0.3601953125
0 0.36048125 0.40379375 0.3832875 0.3121734375 0.259115625 0.3125375 0.2274390625 0.3993578125 0.36048125 0.40379375
0 0.5023921875 0.2954265625 0.3896234375 0.2947515625 0.373784375 0.3816140625 0.4998578125 0.379078125 0.5023921875 0.2954265625
0 0.3889890625 0.2935265625 0.50809375 0.2928921875 0.50999375 0.22761875 0.4029265625 0.2257171875 0.3889890625 0.2935265625
0 0.616428125 0.212409375 0.510628125 0.2174796875 0.5112609375 0.27705 0.62593125 0.2751484375 0.616428125 0.212409375
0 0.6227640625 0.2745140625 0.50999375 0.28208125 0.5042921875 0.3588 0.637334375 0.35563125 0.6227640625 0.2745140625
0 0.2597484375 0.3106359375 0.3826546875 0.3119046875 0.394495986328125 0.243960658203125 0.2901578125 0.2409265625 0.2597484375 0.3106359375
0 0.2037453125 0.441421875 0.24823125 0.338496875 0.1211265625 0.3381953125 0.05969375 0.441421875 0.2037453125 0.441421875
0 0.2470953125 0.3398109375 0.2806875 0.2607140625 0.1669 0.259590625 0.1202953125 0.3376921875 0.2470953125 0.3398109375
0 0.747415625 0.2637671875 0.624928125 0.2690359375 0.6384703125 0.34610625 0.7713234375 0.3430796875 0.747415625 0.2637671875
0 0.6169828125 0.206240625 0.626365625 0.2680046875 0.7452984375 0.26255625 0.7222984375 0.2026171875 0.6169828125 0.206240625
0 0.723275 0.2025609375 0.7438390625 0.2634265625 0.8635640625 0.2555375 0.8269421875 0.1974890625 0.723275 0.2025609375
0 0.7440515625 0.2645203125 0.7742640625 0.3448609375 0.9086359375 0.337534375 0.864409375 0.2580703125 0.7440515625 0.2645203125
0 0.0007046875 0.392596875 0.089440625 0.3920328125 0.135921875 0.3046625 0.02126875 0.3035515625 0.000421875 0.3314484375 0.0007046875 0.392596875
0 0.015353125 0.5149453125 0.087328125 0.3912875 0.000140625 0.394903125 0 0.5118453125 0.015353125 0.5149453125