1 0.88335625 0.6371859375 0.8517765625 0.4974171875 0.7191375 0.4929078125 0.7335734375 0.6254640625 0.88335625 0.6371859375
1 0.9293734375 0.8193375 0.884259375 0.641990625 0.7344765625 0.6290703125 0.753425 0.8040078125 0.9293734375 0.8193375
1 0.715540625 0.4910796875 0.587709375 0.484403125 0.5854828125 0.618384375 0.729346875 0.6228359375 0.715540625 0.4910796875
1 0.7350265625 0.6257234375 0.58804375 0.615040625 0.5862625 0.781071875 0.5853703125 0.7895296875 0.7546234375 0.8037734375 0.7350265625 0.6257234375
1 0.4476296875 0.6103140625 0.4236890625 0.7815171875 0.585815625 0.7864125 0.5844796875 0.6123703125 0.4476296875 0.6103140625
1 0.466003125 0.480590625 0.4464046875 0.6122296875 0.585815625 0.611784375 0.588934375 0.48314375 0.466003125 0.480590625
1 0.4637765625 0.481146875 0.344853125 0.47869375 0.3159015625 0.6068890625 0.4464046875 0.609559375 0.4637765625 0.481146875
1 0.3128953125 0.605859375 0.275815625 0.770353125 0.4214625 0.777475 0.4464046875 0.611 0.3128953125 0.605859375
1 0.164690625 0.3752859375 0.1203125 0.471234375 0.229240625 0.473203125 0.2652625 0.3752859375 0.164690625 0.3752859375
1 0.2658390625 0.377578125 0.228953125 0.47521875 0.345375 0.476659375 0.370734375 0.3787421875 0.2658390625 0.377578125
1 0.29481875 0.2977203125 0.204403125 0.2965828125 0.1659140625 0.3721828125 0.266578125 0.3760515625 0.29481875 0.2977203125
1 0.2983484375 0.2975515625 0.26589375 0.3758234375 0.3704296875 0.3776453125 0.39229375 0.300259375 0.2983484375 0.2975515625