1 0.6703125 0.9301984375 0.6375 0.6756703125 0.440625 0.6803546875 0.425 0.933321875 0.6703125 0.9301984375
1 0.63671875 0.676171875 0.615625 0.5085890625 0.45 0.5085890625 0.4453125 0.6772328125 0.63671875 0.676171875
0 0.61465 0.5081234375 0.7859078125 0.49993125 0.748840625 0.3749546875 0.6015125 0.3833953125 0.61465 0.5081234375
0 0.746025 0.3730796875 0.746025 0.372075 0.7178734375 0.2821125 0.5902515625 0.292428125 0.6033890625 0.3824578125 0.746025 0.3730796875
0 0.591190625 0.28761875 0.467321875 0.294303125 0.461690625 0.388084375 0.6005734375 0.3824578125 0.591190625 0.28761875
0 0.6005734375 0.38263125 0.4598140625 0.3862078125 0.4523078125 0.5109375 0.6137109375 0.504371875 0.6005734375 0.38263125
1 0.2890421875 0.5132796875 0.4502421875 0.509246875 0.4602703125 0.38995 0.3222078125 0.391490625 0.2890421875 0.5132796875
1 0.4641265625 0.29668125 0.3438046875 0.2982234375 0.320665625 0.391490625 0.4564125 0.389178125 0.4641265625 0.29668125
1 0.3422609375 0.300996875 0.2196265625 0.30593125 0.17951875 0.394575 0.320665625 0.3922625 0.3422609375 0.300996875
1 0.3191234375 0.391625 0.17951875 0.3976578125 0.1316984375 0.518675 0.2898140625 0.51405 0.3191234375 0.391625
1 0.10316875 0.3086125 0.0483609375 0.399634375 0.1837703125 0.3956078125 0.2224578125 0.3037796875 0.10316875 0.3086125
1 0.58355 0.216721875 0.4723203125 0.2191390625 0.4650671875 0.290828125 0.5891921875 0.28760625 0.58355 0.216721875
1 0.577303125 0.156365625 0.4723203125 0.1611421875 0.469903125 0.22075 0.5851625 0.21430625 0.577303125 0.156365625