1 0.1117796875 0.6373328125 0.0715390625 0.8209109375 0.2466609375 0.8015484375 0.26678125 0.6235578125 0.1117796875 0.6373328125
1 0.412840625 0.6161109375 0.2617515625 0.6252234375 0.2429359375 0.8037828125 0.419546875 0.7888875 0.412840625 0.6161109375
1 0.5551734375 0.6094078125 0.4135859375 0.6140453125 0.4135859375 0.786653125 0.578275 0.7784625 0.5551734375 0.6094078125
1 0.5514484375 0.6086625 0.53654375 0.480840625 0.412840625 0.4842921875 0.4150765625 0.6138765625 0.5514484375 0.6086625
1 0.412840625 0.4865265625 0.2787046875 0.49471875 0.26678125 0.62206875 0.415821875 0.6123859375 0.412840625 0.4865265625
1 0.27945 0.4976984375 0.277959375 0.49471875 0.27945 0.49388125 0.1468046875 0.4991875 0.114015625 0.6384515625 0.26678125 0.6265359375 0.27945 0.4976984375
1 0.68409375 0.606428125 0.65298125 0.4780453125 0.5372890625 0.48056875 0.55219375 0.610153125 0.68409375 0.606428125
1 0.553684375 0.6071734375 0.576784375 0.7799515625 0.7275015625 0.7705375 0.7280609375 0.7687796875 0.685584375 0.6049390625 0.553684375 0.6071734375
0 0.8152484375 0.6041953125 0.8681578125 0.7665453125 0.9929046875 0.75984375 0.9317984375 0.5997265625 0.8152484375 0.6041953125
1 0.6307375 0.3792859375 0.65681875 0.4761 0.769829287109375 0.473128705078125 0.73655625 0.378540625 0.6307375 0.3792859375
1 0.8341765625 0.3748171875 0.7373015625 0.378540625 0.7700890625 0.4738671875 0.882615625 0.4723765625 0.8341765625 0.3748171875