1 0.4549359375 0.38705625 0.45081875 0.445084375 0.5595328125 0.4426140625 0.5508859375 0.3854109375 0.4549359375 0.38705625
1 0.4574765625 0.339821875 0.4554546875 0.3878953125 0.55390625 0.38646875 0.546534375 0.3406015625 0.4574765625 0.339821875
1 0.5413015625 0.3030515625 0.460925 0.3035265625 0.458546875 0.3410765625 0.547246875 0.3398890625 0.5413015625 0.3030515625
1 0.5382953125 0.273953125 0.4634796875 0.2741328125 0.4614921875 0.3042921875 0.542090625 0.303028125 0.5382953125 0.273953125
0 0.149725 0.582928125 0.0876171875 0.7186296875 0.248653125 0.714196875 0.28503125 0.581634375 0.149725 0.582928125
0 0.30943125 0.4842203125 0.285475 0.5803046875 0.42166875 0.57853125 0.4274359375 0.482325 0.30943125 0.4842203125
0 0.28503125 0.58181875 0.2473234375 0.7155265625 0.4065859375 0.7088765625 0.4154578125 0.57853125 0.28503125 0.58181875
0 0.42865625 0.4792296875 0.41823125 0.5784609375 0.5495453125 0.5749140625 0.543334375 0.48048125 0.42865625 0.4792296875
0 0.6582328125 0.484028125 0.656015625 0.4803390625 0.541115625 0.4787078125 0.5495453125 0.574028125 0.677309375 0.57136875 0.6582328125 0.484028125
0 0.5584171875 0.7057375 0.5495453125 0.576828125 0.4177875 0.5758359375 0.406696875 0.7083984375 0.5584171875 0.7057375
0 0.6776421875 0.5723921875 0.5473265625 0.57450625 0.5561984375 0.702190625 0.71235625 0.69953125 0.6776421875 0.5723921875
0 0.657125 0.476521875 0.6782625 0.5692328125 0.811221875 0.5678703125 0.7669015625 0.4728125 0.657125 0.476521875
0 0.8780421875 0.47349375 0.7662203125 0.47213125 0.810540625 0.567359375 0.9346359375 0.56378125 0.8780421875 0.47349375
0 0.9984375 0.6858640625 0.9984375 0.6773625 0.9323015625 0.567790625 0.805646875 0.56731875 0.8581046875 0.6938921875 0.99751875 0.692003125 0.9984375 0.6858640625
0 0.680528125 0.56840625 0.71065625 0.6976703125 0.8623578125 0.6962546875 0.80611875 0.5668453125 0.680528125 0.56840625