0 0.8484484375 0.5945484375 0.7197296875 0.4979203125 0.6289375 0.60861875 0.7544953125 0.7309515625 0.8484484375 0.5945484375
0 0.7205921875 0.4951875 0.6160078125 0.4202375 0.525790625 0.514140625 0.6318109375 0.6077578125 0.7205921875 0.4951875
0 0.6165828125 0.417653125 0.5322546875 0.357853125 0.446203125 0.4406265625 0.526365625 0.5127046875 0.6165828125 0.417653125
0 0.4916 0.703384375 0.5918734375 0.5783703125 0.50223125 0.487434375 0.4042546875 0.5945484375 0.4916 0.703384375
0 0.5042421875 0.492315625 0.4252296875 0.4225 0.3332875 0.5127046875 0.4048296875 0.5945484375 0.5042421875 0.492315625
0 0.426378125 0.41995 0.3620203125 0.3621640625 0.2720890625 0.4423484375 0.328115625 0.5132796875 0.426378125 0.41995
1 0.910078125 0.5542015625 0.869278125 0.4140640625 0.7290671875 0.4347109375 0.742571875 0.5117 0.8138265625 0.56655 0.910078125 0.5542015625
1 0 0.6702171875 0.0861953125 0.65786875 0.12785625 0.530653125 0.03016875 0.5513296875 0 0.6156546875 0 0.6702171875
1 0.2327265625 0.5111265625 0.1314484375 0.5309625 0.0864828125 0.65815625 0.2037078125 0.6377671875 0.2327265625 0.5111265625
1 0.34363125 0.530365625 0.3128890625 0.4941828125 0.23631875 0.51013125 0.20600625 0.6343203125 0.330128125 0.617665625 0.34363125 0.530365625
1 0.53125 0.3587625 0.4599953125 0.3059234375 0.3801203125 0.377715625 0.446778125 0.4385953125 0.53125 0.3587625
1 0.4585578125 0.3050625 0.4008078125 0.260165625 0.32409375 0.328896875 0.3818453125 0.376853125 0.4585578125 0.3050625
1 0.358571875 0.36364375 0.3038375 0.31475625 0.2229578125 0.3871921875 0.270365625 0.4440515625 0.358571875 0.36364375
1 0.320646875 0.328321875 0.4016703125 0.2605515625 0.3476546875 0.2235328125 0.3467921875 0.22408125 0.2720890625 0.2815140625 0.320646875 0.328321875
1 0.30570625 0.3154 0.260021875 0.2730953125 0.181584375 0.339809375 0.221809375 0.39035 0.30570625 0.3154