1 0.2959671875 0.7334859375 0.121753125 0.747859375 0.095278125 0.984378125 0.3025046875 0.962490625 0.2959671875 0.7334859375
1 0.45269375 0.7200609375 0.2917171875 0.734465625 0.306753125 0.956284375 0.479659375 0.932109375 0.45269375 0.7200609375
1 0.8204046875 0.70045 0.71483125 0.706696875 0.7697421875 0.884740625 0.8841421875 0.8674265625 0.8204046875 0.70045
1 0.9200953125 0.6947296875 0.8269421875 0.7070234375 0.8825078125 0.8657921875 0.9900421875 0.8523984375 0.9200953125 0.6947296875
1 0.5571234375 0.562303125 0.4363515625 0.555815625 0.4512234375 0.7197640625 0.5901359375 0.7106171875 0.5571234375 0.562303125
1 0.66874375 0.557403125 0.558921875 0.5613234375 0.594221875 0.7119234375 0.7161390625 0.7057171875 0.66874375 0.557403125
1 0.5272171875 0.437140625 0.4242578125 0.4296265625 0.4347171875 0.5557265625 0.5566328125 0.5570328125 0.5272171875 0.437140625
1 0.664821875 0.5531125 0.630503125 0.4417140625 0.533216322265625 0.442364228515625 0.5592484375 0.557359375 0.664821875 0.5531125
1 0.5092390625 0.3367078125 0.4049734375 0.32429375 0.4200078125 0.4301390625 0.52885 0.4337328125 0.5092390625 0.3367078125
1 0.6005953125 0.344178125 0.5079328125 0.3344203125 0.52885 0.4350390625 0.6269078125 0.4392859375 0.6005953125 0.344178125
0 0.4732859375 0.17401875 0.3791515625 0.1578703125 0.3886296875 0.2308625 0.48799375 0.2507890625 0.4732859375 0.17401875
0 0.4870140625 0.2469390625 0.3863421875 0.2308625 0.40431875 0.3282140625 0.5076046875 0.3360546875 0.4870140625 0.2469390625
0 0.5572875 0.188065625 0.4729578125 0.17630625 0.487340625 0.2504625 0.575590625 0.261896875 0.5572875 0.188065625
0 0.574446875 0.261646875 0.4883203125 0.24915625 0.5085859375 0.337034375 0.6027203125 0.344221875 0.574446875 0.261646875
0 0.628540625 0.2076671875 0.55630625 0.1919859375 0.5762453125 0.2615703125 0.6612265625 0.2756171875 0.628540625 0.2076671875
0 0.6628609375 0.2762703125 0.57820625 0.264184375 0.6056609375 0.3501015625 0.692278125 0.356309375 0.6628609375 0.2762703125
0 0.3775171875 0.15541875 0.2794609375 0.13514375 0.28534375 0.2184484375 0.386015625 0.2308625 0.3775171875 0.15541875
0 0.38650625 0.22814375 0.284690625 0.2132203125 0.287959375 0.31220625 0.40203125 0.32200625 0.38650625 0.22814375
0 0.2779890625 0.134440625 0.174703125 0.116471875 0.170128125 0.195203125 0.2819125 0.213496875 0.2779890625 0.134440625
0 0.28093125 0.2138234375 0.1655515625 0.19814375 0.1593421875 0.2974546875 0.2864875 0.3101953125 0.28093125 0.2138234375
0 0.16849375 0.1968359375 0.032521875 0.1778890625 0.0096421875 0.27818125 0.1550921875 0.29288125 0.16849375 0.1968359375
0 0.17078125 0.1145625 0.0527875 0.0942578125 0.036771875 0.176909375 0.1629375 0.196509375 0.17078125 0.1145625
0 0.594384375 0.7133828125 0.456125 0.71763125 0.485215625 0.9289953125 0.631646875 0.9028609375 0.594384375 0.7133828125
0 0.7130328125 0.7078296875 0.597 0.714690625 0.63785625 0.90678125 0.7712140625 0.8839125 0.7130328125 0.7078296875
0 0.7372625 0.2878390625 0.6639625 0.2777328125 0.6949515625 0.3578875 0.7717421875 0.364865625 0.7372625 0.2878390625
0 0.7044859375 0.2181703125 0.6350171875 0.2069390625 0.662940625 0.2767125 0.738540625 0.288625 0.7044859375 0.2181703125