0 0.4431578125 0.3977828125 0.543096875 0.402571875 0.5416890625 0.3321359375 0.445034375 0.326509375 0.4431578125 0.3977828125
0 0.53019375 0.2735421875 0.5398125 0.3321359375 0.628021875 0.336825 0.613946875 0.2730546875 0.53019375 0.2735421875
0 0.449178125 0.2648046875 0.4491046875 0.3257109375 0.5387953125 0.3306265625 0.5321421875 0.2730859375 0.449178125 0.2648046875
0 0.5395921875 0.33135 0.5437140625 0.405803125 0.64353125 0.4110078125 0.62559375 0.336409375 0.5395921875 0.33135
1 0.4982953125 0.401496875 0.4997671875 0.4862671875 0.6086640625 0.5003203125 0.5939484375 0.4133890625 0.4982953125 0.401496875
1 0.503609375 0.4902015625 0.50826875 0.595121875 0.62665 0.60133125 0.6083375 0.5013265625 0.503609375 0.4902015625
1 0.5068796875 0.5960734375 0.517425 0.7347484375 0.6567359375 0.737690625 0.6299203125 0.5984671875 0.5068796875 0.5960734375
1 0.515871875 0.7358734375 0.5246203125 0.923121875 0.683878125 0.9048203125 0.655428125 0.7381453125 0.515871875 0.7358734375
1 0.3950484375 0.352321875 0.4470359375 0.29909375 0.37660625 0.2615015625 0.32074375 0.310384375 0.3950484375 0.352321875
1 0.3110546875 0.23126875 0.2520515625 0.2721859375 0.3191390625 0.31091875 0.3739328125 0.2620359375 0.3110546875 0.23126875
1 0.247975 0.198875 0.1879453125 0.24021875 0.24901875 0.2724921875 0.3109703125 0.2299 0.247975 0.198875
1 0.19058125 0.169490625 0.1295078125 0.2075046875 0.187725 0.2391203125 0.2472609375 0.1971859375 0.19058125 0.169490625
1 0.61631875 0.2768609375 0.628584375 0.3393984375 0.7189453125 0.34165 0.6941640625 0.284865625 0.61631875 0.2768609375
1 0.69773125 0.283221875 0.71769375 0.34215 0.802546875 0.35440625 0.7730109375 0.29186875 0.69773125 0.283221875
1 0.6274421875 0.33830625 0.645921875 0.411625 0.742615625 0.41365 0.7160375 0.34180625 0.6274421875 0.33830625
1 0.741603125 0.4146609375 0.8337421875 0.4234203125 0.8028609375 0.355971875 0.71958125 0.3425640625 0.741603125 0.4146609375
1 0.8319703125 0.4224390625 0.919553125 0.4325578125 0.885128125 0.3652671875 0.8031140625 0.3554015625 0.8319703125 0.4224390625
1 0.884115625 0.362990625 0.8524109375 0.3038171875 0.7747640625 0.2939296875 0.8038734375 0.354390625 0.884115625 0.362990625
1 0.9628390625 0.3761453125 0.9267671875 0.3164734375 0.852221875 0.3040484375 0.884875 0.3657734375 0.9628390625 0.3761453125