1 0.311834375 0.177675 0.316446875 0.4247359375 0.49773125 0.419125 0.49773125 0.1754265625 0.311834375 0.177675
1 0.311834375 0.6419171875 0.316446875 0.8850046875 0.49773125 0.8834015625 0.4969296875 0.6445125 0.311834375 0.6419171875
1 0.824575 0.7269359375 0.9424640625 0.72375 0.94025 0.5821734375 0.8277015625 0.583734375 0.824575 0.7269359375
1 0.824575 0.566509375 0.9392078125 0.56678125 0.9418140625 0.4253921875 0.8292640625 0.4259125 0.824575 0.566509375
1 0.8271796875 0.40860625 0.9392078125 0.4091265625 0.940771875 0.265925 0.8277015625 0.265925 0.8271796875 0.40860625
1 0.826659375 0.108103125 0.826659375 0.2523453125 0.9386875 0.2539078125 0.9392078125 0.1075828125 0.826659375 0.108103125
0 0.2475953125 0.4214359375 0.244715625 0.17960625 0.0633390625 0.185946875 0.0615671875 0.414353125 0.2475953125 0.4214359375
0 0.0597953125 0.639140625 0.062453125 0.884721875 0.2511390625 0.8820671875 0.2511390625 0.64038125 0.0597953125 0.639140625
0 0.5647296875 0.6456234375 0.565615625 0.82799375 0.7551875 0.827109375 0.749871875 0.6447375 0.5647296875 0.6456234375
0 0.565615625 0.3647765625 0.751865625 0.3667421875 0.75164375 0.1841765625 0.5647296875 0.1806359375 0.565615625 0.3647765625
0 0.8282265625 0.7428875 0.8282265625 0.884259375 0.944115625 0.886434375 0.9408515625 0.74451875 0.8282265625 0.7428875