0 0.05806875 0.1750765625 0.056115625 0.426709375 0.2561828125 0.4228078125 0.25423125 0.1721515625 0.05806875 0.1750765625
0 0.0522125 0.6394828125 0.0536765625 0.879803125 0.2532546875 0.8784359375 0.248375 0.6394828125 0.0522125 0.6394828125
0 0.5636015625 0.644359375 0.562625 0.8316203125 0.754884375 0.82771875 0.754884375 0.63655625 0.5636015625 0.644359375
0 0.8232 0.7370140625 0.827103125 0.892090625 0.9471421875 0.8911140625 0.945190625 0.7370140625 0.8232 0.7370140625
0 0.55579375 0.3710390625 0.7568359375 0.3690890625 0.754884375 0.17695 0.5636015625 0.1779265625 0.55579375 0.3710390625
1 0.30790625 0.1720734375 0.3127859375 0.4256578125 0.4962625 0.42273125 0.4952859375 0.175 0.30790625 0.1720734375
1 0.309859375 0.6455796875 0.3157140625 0.882490625 0.5021171875 0.8805390625 0.4972375 0.6396359375 0.309859375 0.6455796875
1 0.827103125 0.10515625 0.8280796875 0.2609046875 0.94811875 0.257978125 0.945190625 0.1097296875 0.827103125 0.10515625
1 0.8283234375 0.264965625 0.83003125 0.4150046875 0.9461671875 0.409153125 0.9403109375 0.2609046875 0.8283234375 0.264965625
1 0.827103125 0.428434375 0.83003125 0.5731609375 0.9432390625 0.571209375 0.944215625 0.4249125 0.827103125 0.428434375
1 0.941775 0.5870234375 0.8232 0.5848640625 0.827103125 0.7262859375 0.944215625 0.7292109375 0.941775 0.5870234375