1 0.484375 0.7651734375 0.196875 0.757053125 0.163125 0.948828125 0.47375 0.959446875 0.484375 0.7651734375
1 0.485 0.58526875 0.2109375 0.58 0.191875 0.7551796875 0.485625 0.7676734375 0.485 0.58526875
1 0.495 0.41723125 0.225 0.4284375 0.204375 0.578396875 0.485625 0.5733984375 0.495 0.41723125
1 0.7979171875 0.448984375 0.4947921875 0.453471875 0.4875 0.6245875 0.80694375 0.629446875 0.7979171875 0.448984375
1 0.8125 0.6280578125 0.48819375 0.630834375 0.48194375 0.814071875 0.81944375 0.8355890625 0.8125 0.6280578125
1 0.496528125 0.27199375 0.2395828125 0.28680625 0.2263890625 0.42885625 0.4951390625 0.4198328125 0.496528125 0.27199375
1 0.7979171875 0.4517609375 0.790278125 0.2872640625 0.505253365234375 0.302115876953125 0.4895828125 0.460090625 0.7979171875 0.4517609375
1 0.5041671875 0.12831875 0.2548609375 0.1498359375 0.2375 0.28518125 0.5 0.2685234375 0.5041671875 0.12831875
1 0.78125 0.1380359375 0.5017359375 0.156596875 0.50069375 0.29698125 0.7895828125 0.2831 0.78125 0.1380359375
1 0.5111109375 0.003621875 0.265971875 0.0251375 0.2548609375 0.1452140625 0.5041671875 0.122309375 0.5111109375 0.003621875
1 0.771528125 0.002928125 0.50694375 0.0333328125 0.503471875 0.1563203125 0.78125 0.1313328125 0.771528125 0.002928125