1 0.8081203125 0.724715625 0.60880625 0.726715625 0.590790625 0.87648125 0.8212734375 0.889628125 0.8081203125 0.724715625
1 0.7963953125 0.600959375 0.6212453125 0.60423125 0.60995 0.7212859375 0.8061171875 0.7238578125 0.7963953125 0.600959375
1 0.79325 0.496353125 0.6305390625 0.5077203125 0.621103125 0.600675 0.79668125 0.6023890625 0.79325 0.496353125
1 0.7861 0.414040625 0.638403125 0.42908125 0.6328265625 0.504928125 0.791534375 0.4992125 0.7861 0.414040625
1 0.7789515625 0.3483875 0.6462671875 0.364025 0.6376875 0.4252703125 0.7863859375 0.4129796875 0.7789515625 0.3483875
1 0.776378125 0.28845 0.6554171875 0.304740625 0.6496984375 0.359903125 0.780953125 0.3453265625 0.776378125 0.28845
1 0.77351875 0.2412578125 0.657990625 0.2561203125 0.6539875 0.30385 0.7772359375 0.2861296875 0.77351875 0.2412578125
1 0.7686578125 0.1975 0.6605640625 0.2152203125 0.6554171875 0.2558046875 0.77351875 0.23865625 0.7686578125 0.1975
1 0.7700875 0.1604421875 0.6659984375 0.176734375 0.65970625 0.21303125 0.7709453125 0.19616875 0.7700875 0.1604421875
1 0.767228125 0.126990625 0.668 0.1441390625 0.6671421875 0.176721875 0.7698015625 0.158715625 0.767228125 0.126990625
1 0.7629375 0.0978546875 0.67143125 0.1144328125 0.6688578125 0.14415625 0.7643671875 0.1264359375 0.7629375 0.0978546875