1 0.580890625 0.7739828125 0.4164296875 0.783496875 0.408775 0.960784375 0.6051765625 0.951021875 0.580890625 0.7739828125
1 0.5655796875 0.65150625 0.4222375 0.6586828125 0.4195984375 0.780578125 0.5811546875 0.7750375 0.5655796875 0.65150625
1 0.5515890625 0.564321875 0.5481578125 0.56373125 0.549740625 0.5650515625 0.4320046875 0.56880625 0.4251421875 0.6561390625 0.55924375 0.649015625 0.5515890625 0.564321875
1 0.540765625 0.49760625 0.5410296875 0.498925 0.5411609375 0.4964171875 0.435965625 0.500509375 0.433853125 0.5659421875 0.547365625 0.5654140625 0.540765625 0.49760625
1 0.532846875 0.4445734375 0.442828125 0.448240625 0.4362296875 0.49998125 0.5426140625 0.4973421875 0.532846875 0.4445734375
1 0.444946875 0.36746875 0.36814375 0.36811875 0.36099375 0.403846875 0.4432125 0.40330625 0.444946875 0.36746875
1 0.443646875 0.404821875 0.360453125 0.405190625 0.3486453125 0.4496453125 0.4388796875 0.4496453125 0.443646875 0.404821875
1 0.3599109375 0.4050390625 0.275959375 0.4081703125 0.25559375 0.4536515625 0.347778125 0.45126875 0.3599109375 0.4050390625
1 0.36781875 0.3700671875 0.293290625 0.371609375 0.276609375 0.4080703125 0.3592609375 0.405471875 0.36781875 0.3700671875
1 0.6454015625 0.4182640625 0.64561875 0.4190015625 0.5974140625 0.4551828125 0.6838578125 0.489071875 0.7265375 0.4469546875 0.6454015625 0.4182640625
1 0.7271875 0.4472796875 0.727296875 0.4480375 0.6828828125 0.4882046875 0.7805921875 0.52978125 0.820996875 0.484415625 0.7271875 0.4472796875
1 0.8988296875 0.5796140625 0.9291609375 0.5269953125 0.822050123046875 0.48496908203125 0.7823796875 0.53056875 0.8988296875 0.5796140625
0 0.5231578125 0.4004765625 0.520990625 0.3656140625 0.445759375 0.3672765625 0.445271875 0.3681046875 0.4444046875 0.4032921875 0.5231578125 0.4004765625
0 0.5256484375 0.4014515625 0.443321875 0.4038375 0.440396875 0.4491984375 0.53128125 0.445084375 0.5256484375 0.4014515625
0 0.524565625 0.4002609375 0.6060265625 0.3996109375 0.5962765625 0.364640625 0.5223984375 0.364965625 0.52178478125 0.364992189453125 0.524565625 0.4002609375