0 0.535040625 0.3267 0.41509375 0.3321359375 0.4007796875 0.3782015625 0.527884375 0.3759125 0.535040625 0.3267
0 0.6544171875 0.323265625 0.532178125 0.327271875 0.527025 0.3741953125 0.6581375 0.3741953125 0.6544171875 0.323265625
0 0.658425 0.3747671875 0.527025 0.3747671875 0.526453125 0.4331375 0.6681578125 0.43285 0.658425 0.3747671875
0 0.5267390625 0.37448125 0.3993484375 0.376590625 0.3833171875 0.4405765625 0.5215859375 0.437428125 0.5267390625 0.37448125
1 0.5983078125 0.4371421875 0.452309375 0.4395703125 0.439140625 0.5072421875 0.597734375 0.5092453125 0.5983078125 0.4371421875
1 0.59573125 0.2800609375 0.4837984375 0.2849828125 0.47635625 0.3269859375 0.596303125 0.32011875 0.59573125 0.2800609375
1 0.59115 0.2462984375 0.4898109375 0.2457265625 0.4835125 0.2820640625 0.593440625 0.277771875 0.59115 0.2462984375
1 0.6003109375 0.50888125 0.4365640625 0.507559375 0.4228234375 0.601584375 0.59859375 0.604159375 0.6003109375 0.50888125
1 0.6028875 0.6032046875 0.42081875 0.6026328125 0.398203125 0.7228046875 0.6068953125 0.7265234375 0.6028875 0.6032046875
1 0.3934796875 0.7289875 0.3628484375 0.88606875 0.6113328125 0.8909328125 0.6099015625 0.7266984375 0.398317921875 0.724436609375 0.3934796875 0.7289875
1 0.4136625 0.3310234375 0.29700625 0.332934375 0.2710984375 0.384528125 0.3987765625 0.381953125 0.4136625 0.3310234375
1 0.401925 0.3796640625 0.2726734375 0.38589375 0.24619375 0.4400359375 0.383603125 0.4400359375 0.401925 0.3796640625
1 0.2947171875 0.33598125 0.181925 0.3394140625 0.1461421875 0.3926328125 0.270096875 0.3849078125 0.2947171875 0.33598125
1 0.269525 0.3843359375 0.1475734375 0.3932046875 0.110071875 0.4489984375 0.2431875 0.445565625 0.269525 0.3843359375