1 0.288959375 0.444996875 0.2713 0.5958359375 0.557690625 0.5958359375 0.555121875 0.4443875 0.288959375 0.444996875
1 0.547415625 0.5942921875 0.2635953125 0.591984375 0.236625 0.766534375 0.549984375 0.77166875 0.547415625 0.5942921875
1 0.5522328125 0.7772984375 0.2289203125 0.7627859375 0.198096875 0.9796890625 0.552553125 0.9886734375 0.5522328125 0.7772984375
1 0 0.7140140625 0.2481828125 0.7191484375 0.267446875 0.551015625 0 0.5445984375 0 0.7140140625
1 0 0.54588125 0.2680890625 0.5461328125 0.2931328125 0.4098359375 0.0491234375 0.4175359375 0 0.54588125
0 0.5538375 0.4868421875 0.835090625 0.485559375 0.8196796875 0.3520796875 0.560259375 0.35978125 0.5538375 0.4868421875
0 0.5602984375 0.24534375 0.5627046875 0.35516875 0.82019375 0.3511609375 0.802546875 0.23893125 0.5602984375 0.24534375
0 0.2939859375 0.4457546875 0.55348125 0.44138125 0.5586953125 0.3190953125 0.3100296875 0.325509375 0.2939859375 0.4457546875
0 0.314040625 0.325509375 0.55849375 0.32005625 0.554684375 0.2172875 0.3324890625 0.218890625 0.314040625 0.325509375
0 0.297796875 0.408078125 0.3158453125 0.2959921875 0.0868328125 0.295046875 0.046725 0.4120859375 0.297796875 0.408078125
0 0.3146421875 0.2918390625 0.3348953125 0.1947203125 0.11891875 0.19885 0.0844265625 0.2958484375 0.3146421875 0.2918390625