1 0.2201921875 0.16206875 0.08609375 0.1514640625 0.059309375 0.27975625 0.2007125 0.29279375 0.2201921875 0.16206875
1 0.2363671875 0.0456078125 0.1147921875 0.034003125 0.0878328125 0.1497359375 0.21793125 0.161034375 0.2363671875 0.0456078125
0 0.17740625 0.447828125 0.2019296875 0.296415625 0.0615703125 0.28285625 0.06191875 0.2832046875 0.0271328125 0.437571875 0.17740625 0.447828125
0 0.3424640625 0.31101875 0.204365625 0.297503125 0.184015625 0.4504359375 0.328896875 0.463125 0.3424640625 0.31101875
0 0.473953125 0.3247578125 0.3454203125 0.312415625 0.3342890625 0.462609375 0.4727359375 0.47443125 0.473953125 0.3247578125
0 0 0.6157296875 0.1492296875 0.631375 0.1763625 0.4498890625 0.0260890625 0.4408484375 0 0.5592328125 0 0.6157296875
0 0.3313328125 0.4632765625 0.1848859375 0.4524984375 0.1558390625 0.633115625 0.315853125 0.6421546875 0.3313328125 0.4632765625
0 0.4731703125 0.4737890625 0.3348984375 0.46475 0.3225484375 0.642584375 0.4733453125 0.6467578125 0.4731703125 0.4737890625
0 0.693625 0.4924671875 0.8185046875 0.49976875 0.796415625 0.350790625 0.6791875 0.3398390625 0.678840625 0.3398390625 0.6776234375 0.3398390625 0.693625 0.4924671875
0 0.7120609375 0.65841875 0.8487671875 0.6665890625 0.8209390625 0.5004 0.693971875 0.49396875 0.6941453125 0.4924046875 0.6932765625 0.4931 0.7120609375 0.65841875
0 0.94295 0.507328125 0.9133828125 0.3609578125 0.7991109375 0.35174375 0.7980671875 0.3515703125 0.819634375 0.4991578125 0.94295 0.507328125
0 0.9812140625 0.666971875 0.9450375 0.5077359375 0.821721875 0.5002609375 0.85076875 0.665928125 0.972865625 0.671665625 0.9812140625 0.666971875
1 0.676840625 0.3414859375 0.5548296875 0.33055 0.5594390625 0.4782953125 0.6895375 0.4888984375 0.676840625 0.3414859375
1 0.6902328125 0.4921671875 0.560046875 0.4805625 0.5697 0.6538359375 0.711625 0.6590515625 0.6902328125 0.4921671875
1 0.474996875 0.7149921875 0.315853125 0.7113421875 0.29915625 0.9428921875 0.4723875 0.9444578125 0.474996875 0.7149921875
1 0.775109375 0.2198765625 0.671275 0.2104890625 0.676665625 0.33686875 0.7937203125 0.3483421875 0.775109375 0.2198765625
1 0.9097296875 0.35825 0.8838140625 0.2332609375 0.7782788359375 0.22192254296875 0.7940671875 0.349384375 0.9097296875 0.35825
1 0.7557171875 0.1063140625 0.6527515625 0.0953625 0.665621875 0.2095734375 0.775021875 0.21965625 0.7557171875 0.1063140625
0 0.7388453125 0.0065609375 0.6430984375 0 0.65205625 0.094175 0.7541515625 0.104084375 0.7388453125 0.0065609375
0 0.5426546875 0.0000875 0.545959375 0.0771390625 0.651534375 0.0917421875 0.64179375 0.000825 0.5426546875 0.0000875
0 0.811721875 0.1148625 0.811721875 0.1065171875 0.8169390625 0.095565625 0.8195484375 0.0901765625 0.8306796875 0.089134375 0.8492890625 0.0934796875 0.8383328125 0.0197734375 0.742671875 0.0087828125 0.740759375 0.00916875 0.7560640625 0.10460625 0.811721875 0.1148625
0 0.8685953125 0.101303125 0.8731171875 0.1202515625 0.949471875 0.12320625 0.9294703125 0.0328109375 0.8357234375 0.02220625 0.853115625 0.0915671875 0.863378125 0.0973046875 0.8685953125 0.101303125