1 0.5375 0.976171875 0.70625 0.8234375 0.6 0.666796875 0.4625 0.777734375 0.5375 0.976171875
1 0.4703125 0.769921875 0.6046875 0.663671875 0.528125 0.532421875 0.403125 0.630859375 0.4703125 0.769921875
1 0.3984375 0.630859375 0.5234375 0.5328125 0.459375 0.438671875 0.35625 0.521484375 0.3984375 0.630859375
1 0.469003125 0.4345484375 0.5636265625 0.3592953125 0.50534375 0.2864421875 0.410034375 0.35638125 0.469003125 0.4345484375
1 0.562940625 0.35638125 0.661678125 0.2790703125 0.5944828125 0.221303125 0.5060296875 0.289184375 0.562940625 0.35638125
1 0.6801921875 0.157534375 0.59516875 0.2192453125 0.6486515625 0.2674140625 0.6589359375 0.2802703125 0.75493125 0.213759375 0.6801921875 0.157534375
1 0.541 0.1685046875 0.593796875 0.2132453125 0.6801921875 0.155478125 0.6212234375 0.11159375 0.541 0.1685046875
1 0.457346875 0.230215625 0.5026015625 0.2864421875 0.5979109375 0.218559375 0.5437421875 0.1685046875 0.457346875 0.230215625
1 0.410034375 0.3543234375 0.50534375 0.281128125 0.455290625 0.2288453125 0.3675234375 0.2864421875 0.410034375 0.3543234375
1 0.276328125 0.350209375 0.3661515625 0.2900421875 0.330496875 0.235015625 0.2447875 0.282328125 0.276328125 0.350209375
1 0.24684375 0.289184375 0.3298109375 0.233815625 0.3010125 0.185646875 0.21873125 0.2411875 0.24684375 0.289184375
1 0.2002171875 0.195246875 0.220103125 0.2370734375 0.3016984375 0.184446875 0.30306875 0.1829046875 0.2777 0.14450625 0.2002171875 0.195246875
1 0.203646875 0.1911328125 0.2777 0.1439921875 0.2537 0.1095375 0.1837609375 0.150678125 0.203646875 0.1911328125
1 0.182390625 0.1513640625 0.25644375 0.1074796875 0.236559375 0.0793671875 0.170734375 0.12119375 0.182390625 0.1513640625
1 0.1687046875 0.12165625 0.2367625 0.0763640625 0.2191890625 0.050403125 0.15624375 0.0877875 0.1687046875 0.12165625
0 0.5673609375 0.07073125 0.6399828125 0.0247375 0.59191816796875 0.000481494140625 0.5246953125 0.0380515625 0.5673609375 0.07073125
0 0.639378125 0.0242078125 0.5655453125 0.0728484375 0.621525 0.11309375 0.6986859375 0.0571140625 0.639378125 0.0242078125
0 0.69808125 0.0562828125 0.6212234375 0.11158125 0.6814390625 0.1560625 0.76525625 0.0982671875 0.69808125 0.0562828125
0 0.7643484375 0.0971328125 0.6784125 0.155759375 0.7573890625 0.212646875 0.843628125 0.14668125 0.7643484375 0.0971328125
0 0.84393125 0.14585 0.7561796875 0.214159375 0.84393125 0.2789140625 0.9392484375 0.2008453125 0.84393125 0.14585
0 0.844275 0.1452546875 0.937825 0.2001484375 0.9440109375 0.1962828125 0.9984375 0.1529859375 0.9984375 0.117421875 0.9254546875 0.08224375 0.844275 0.1452546875
0 0.8419546875 0.148346875 0.9266140625 0.0838859375 0.8438875 0.041653125 0.76348125 0.0969328125 0.8419546875 0.148346875
0 0.6985578125 0.0560921875 0.7639859375 0.09748125 0.8446140625 0.0405625 0.7719171875 0.0071875 0.6985578125 0.0560921875
0 0.308659375 0.426803125 0.4096296875 0.3556296875 0.3684109375 0.2907375 0.277665625 0.3475625 0.308659375 0.426803125
0 0.3501984375 0.5175484375 0.46490625 0.4358296875 0.41026875 0.3526734375 0.3089796875 0.4271234375 0.3501984375 0.5175484375