1 0.82631875 0.4970640625 0.9376015625 0.5047515625 0.8884640625 0.413775 0.7887421875 0.408478125 0.82631875 0.4970640625
1 0.715034375 0.5081375 0.829209375 0.507159375 0.788259375 0.408959375 0.685165625 0.407996875 0.715034375 0.5081375
1 0.5974875 0.50861875 0.7153953125 0.505353125 0.6832390625 0.408959375 0.57918125 0.4094421875 0.5974875 0.50861875
1 0.5257078125 0.50765625 0.5979703125 0.50956875 0.5787 0.4128109375 0.5165546875 0.4118484375 0.5257078125 0.50765625
0 0.4063546875 0.57481875 0.528115625 0.57520625 0.52341875 0.4640859375 0.40828125 0.4621609375 0.4063546875 0.57481875
0 0.2733921875 0.57385625 0.40466875 0.575809375 0.405871875 0.4631234375 0.2892890625 0.4621609375 0.2733921875 0.57385625
0 0.4073171875 0.4640859375 0.522696875 0.465609375 0.513784375 0.3755 0.4102078125 0.3755 0.4073171875 0.4640859375
0 0.405846875 0.3746921875 0.3044375 0.3732265625 0.2895046875 0.4618125 0.4080140625 0.46325625 0.405846875 0.3746921875
1 0.1857125 0.47209375 0.27064375 0.547746875 0.2977234375 0.415509375 0.2878765625 0.4068984375 0.1857125 0.47209375
1 0.0798546875 0.5538984375 0.1537078125 0.6461578125 0.260796875 0.5540578125 0.27064375 0.547746875 0.1875578125 0.4745546875 0.0798546875 0.5538984375
1 0 0.7458375 0.0127703125 0.7759765625 0.158478125 0.6525296875 0.075546875 0.561934375 0 0.6154453125 0 0.7458375