0 0.3001546875 0.435996875 0.21513125 0.49043125 0.2555859375 0.551225 0.34678125 0.486753125 0.3001546875 0.435996875
0 0.3803796875 0.38455625 0.30426875 0.4347203125 0.3474671875 0.484009375 0.42700625 0.4250234375 0.3803796875 0.38455625
0 0.4510046875 0.34203125 0.3899796875 0.3815796875 0.432490625 0.4291390625 0.503115625 0.376325 0.4510046875 0.34203125
0 0.3015265625 0.433253125 0.263128125 0.39015 0.1781046875 0.4401125 0.2123890625 0.4888109375 0.3015265625 0.433253125
0 0.336496875 0.3482046875 0.263128125 0.3884359375 0.2994703125 0.435996875 0.381065625 0.3866140625 0.336496875 0.3482046875
0 0.409178125 0.3056796875 0.34198125 0.344725 0.3803796875 0.38455625 0.4530609375 0.3392875 0.409178125 0.3056796875
0 0.5463140625 0.316653125 0.48683125 0.3584375 0.5415140625 0.403075 0.6039109375 0.3495765625 0.5463140625 0.316653125
0 0.4969453125 0.2809875 0.433690625 0.3241546875 0.48323125 0.36055 0.5449421875 0.3139109375 0.4969453125 0.2809875
1 0.432490625 0.4325671875 0.3522671875 0.48443125 0.4064359375 0.546425 0.4900875 0.4819515625 0.432490625 0.4325671875
1 0.566884375 0.5532828125 0.49283125 0.481859375 0.4050640625 0.5532828125 0.466775 0.6287296875 0.566884375 0.5532828125
1 0.557284375 0.7214890625 0.6505359375 0.6343828125 0.560994818359375 0.5573274296875 0.4722609375 0.630953125 0.557284375 0.7214890625
1 0.6580796875 0.632959375 0.5607125 0.7248671875 0.6635640625 0.8414671875 0.761615625 0.7330984375 0.6580796875 0.632959375
1 0.7611015625 0.7449890625 0.6697359375 0.8486046875 0.804128125 0.9984375 0.9090375 0.867809375 0.7611015625 0.7449890625
1 0.916921875 0.8723953125 0.8257265625 0.9984375 0.9964609375 0.9979109375 0.9984375 0.948528125 0.916921875 0.8723953125
0 0.6069796875 0.2738734375 0.5511203125 0.3109125 0.60954375 0.34780625 0.6650828125 0.305496875 0.6069796875 0.2738734375
0 0.6152046875 0.3477609375 0.6804625 0.39225 0.7462546875 0.346096875 0.6727734375 0.3037875 0.6152046875 0.3477609375