0 0.421796875 0.2883953125 0.4165859375 0.3394265625 0.499434375 0.3451546875 0.502040625 0.29151875 0.421796875 0.2883953125
0 0.41554375 0.3381671875 0.4025171875 0.3977484375 0.4963078125 0.4034765625 0.5004765625 0.3441125 0.41554375 0.3381671875
0 0.9211671875 0.49104375 0.8120734375 0.486490625 0.8581625 0.5840015625 0.9758375 0.5815515625 0.9211671875 0.49104375
0 0.8841484375 0.4174 0.78510625 0.4125953125 0.8125640625 0.48355 0.9233734375 0.4904109375 0.8841484375 0.4174
0 0.8457828125 0.3531453125 0.7596109375 0.3532109375 0.78951875 0.412990625 0.8851296875 0.415440625 0.8457828125 0.3531453125
0 0.8218796875 0.3028875 0.741959375 0.30078125 0.761571875 0.34978125 0.8522796875 0.3551703125 0.8218796875 0.3028875
0 0.8459046875 0.356640625 0.9340375 0.356209375 0.9003296875 0.3042109375 0.81991875 0.3042109375 0.8459046875 0.356640625
0 0.8846390625 0.41495 0.978778125 0.4193609375 0.93563125 0.3556609375 0.847865625 0.35615 0.8846390625 0.41495
0 0.723821875 0.26151875 0.7424078125 0.3042671875 0.816753125 0.3024359375 0.79711875 0.26345625 0.723821875 0.26151875
0 0.7084421875 0.2232328125 0.723821875 0.262146875 0.79738125 0.2618859375 0.7777484375 0.2265671875 0.7084421875 0.2232328125
0 0.8421453125 0.2318 0.7798421875 0.2283984375 0.7979046875 0.264240625 0.8670140625 0.265809375 0.8421453125 0.2318
0 0.81904375 0.1957453125 0.76125625 0.1962203125 0.77931875 0.22996875 0.84293125 0.2286609375 0.81904375 0.1957453125
0 0.7581796875 0.1960734375 0.696334375 0.1925578125 0.7094234375 0.2231671875 0.7787953125 0.2265671875 0.7581796875 0.1960734375
0 0.8688171875 0.2665671875 0.7974890625 0.2636484375 0.8198765625 0.3050140625 0.8966703125 0.302671875 0.8688171875 0.2665671875
1 0.7441578125 0.3025515625 0.6613375 0.30101875 0.674834375 0.3509859375 0.7625625 0.3534390625 0.7441578125 0.3025515625
1 0.5828109375 0.2987671875 0.5883328125 0.3516 0.6763671875 0.3531328125 0.6625640625 0.3000984375 0.5828109375 0.2987671875
1 0.674834375 0.3555140625 0.6874109375 0.40984375 0.78556875 0.4116828125 0.7616421875 0.3537453125 0.674834375 0.3555140625
1 0.59109375 0.4031 0.684803125 0.407278125 0.6739140625 0.354665625 0.5883328125 0.3503734375 0.59109375 0.4031
1 0.4972296875 0.399421875 0.5908625 0.40229375 0.5861859375 0.3445484375 0.501525 0.3436296875 0.4972296875 0.399421875
1 0.5825046875 0.2970328125 0.5021375 0.29458125 0.5030578125 0.3411765625 0.5871046875 0.3473078125 0.5825046875 0.2970328125
1 0.40616875 0.398375 0.390415625 0.4689328125 0.4972890625 0.474584375 0.4989046875 0.40225 0.40616875 0.398375
1 0.490746875 0.4742671875 0.3903359375 0.4700640625 0.3745015625 0.5598359375 0.489534375 0.5637109375 0.490746875 0.4742671875
1 0.48791875 0.5667625 0.372240625 0.5621734375 0.3509140625 0.6771328125 0.4882421875 0.68133125 0.48791875 0.5667625
1 0.482103125 0.842596875 0.489534375 0.6833953125 0.3512375 0.6769375 0.324740625 0.8374296875 0.482103125 0.842596875
1 0.324740625 0.839803125 0.2904890625 0.9984375 0.482103125 0.9984375 0.486303125 0.842671875 0.324740625 0.839803125