0 0.5151375 0.8080421875 0.51680625 0.6221265625 0.32639375 0.6258828125 0.300740625 0.85723125 0.33995 0.8505609375 0.430046875 0.8038734375 0.5151375 0.8080421875
0 0.739546875 0.8122109375 0.709096875 0.6279671875 0.517640625 0.62379375 0.51680625 0.806375 0.739546875 0.8122109375
1 0.147490625 0.6214015625 0.070090625 0.8483 0.29283125 0.8620515625 0.3298109375 0.6222609375 0.147490625 0.6214015625
1 0.515571875 0.6162453125 0.7056328125 0.6248390625 0.6815515625 0.486465625 0.52073125 0.484746875 0.515571875 0.6162453125
1 0.989690625 0.8620515625 0.900853125 0.6290921875 0.7021921875 0.6256984375 0.7503515625 0.85689375 0.7916328125 0.8706453125 0.989690625 0.8620515625
1 0.509471875 0.4861546875 0.35174375 0.479875 0.3322640625 0.6183078125 0.516384375 0.6208203125 0.509471875 0.4861546875
1 0.5170125 0.3551765625 0.5207828125 0.4809421875 0.682909375 0.4839171875 0.660915625 0.3602 0.5170125 0.3551765625
1 0.3699671875 0.3560484375 0.356771875 0.47669375 0.5144984375 0.4814046875 0.516384375 0.3558046875 0.3699671875 0.3560484375
1 0.3888203125 0.2594328125 0.371853125 0.3564328125 0.5144984375 0.3539203125 0.5144984375 0.2584640625 0.3888203125 0.2594328125
1 0.5207828125 0.2633609375 0.517640625 0.3564328125 0.65714375 0.3558046875 0.6426921875 0.2584640625 0.5207828125 0.2633609375
1 0.6251078125 0.18478125 0.6251078125 0.18318125 0.5143078125 0.1813875 0.5143078125 0.261571875 0.6416640625 0.25945 0.6251078125 0.18478125
1 0.4064796875 0.1837109375 0.396290625 0.25648125 0.5138828125 0.2586015625 0.513459375 0.18520625 0.4064796875 0.1837109375
1 0.6144953125 0.1236890625 0.5083640625 0.1245375 0.51600625 0.18520625 0.6276546875 0.1818125 0.6144953125 0.1236890625
1 0.412846875 0.122840625 0.40478125 0.18478125 0.51600625 0.1856296875 0.513034375 0.1241140625 0.412846875 0.122840625
1 0.6051546875 0.07150625 0.513034375 0.072778125 0.5138828125 0.1258109375 0.613221875 0.1245375 0.6051546875 0.07150625
1 0.419215625 0.0736265625 0.413696875 0.1249625 0.5138828125 0.123265625 0.512184375 0.0740515625 0.419215625 0.0736265625