0 0.6902625 0.649653125 0.7335734375 0.783109375 0.9122296875 0.7722890625 0.84906875 0.6460453125 0.6902625 0.649653125
0 0.911328125 0.7762078125 0.7335734375 0.7804046875 0.786809375 0.948128125 0.994340625 0.939109375 0.911328125 0.7762078125
1 0.612665625 0.864265625 0.5819859375 0.7164296875 0.38889375 0.7154796875 0.3961125 0.8732828125 0.612665625 0.864265625
1 0.172565625 0.7186859375 0.150684375 0.8859078125 0.3897953125 0.8750875 0.385284375 0.7172828125 0.172565625 0.7186859375
1 0.5864984375 0.7091671875 0.6135671875 0.86606875 0.757034375 0.85615 0.7037984375 0.708265625 0.5864984375 0.7091671875
1 0.1660234375 0.724496875 0.00270625 0.7253984375 0 0.896728125 0.1515875 0.8859078125 0.1660234375 0.724496875
1 0.6835828125 0.6460453125 0.845709375 0.644275 0.7993875 0.543221875 0.6501765625 0.5418875 0.6835828125 0.6460453125
1 0.995965625 0.62735 0.942028125 0.5462875 0.802059375 0.547228125 0.84838125 0.6447109375 0.9973015625 0.6420390625 0.995965625 0.62735
1 0.75589375 0.459984375 0.620490625 0.4617640625 0.6494421875 0.545003125 0.7910796875 0.5445578125 0.75589375 0.459984375
1 0.5968875 0.3953015625 0.6226875 0.4600859375 0.7586828125 0.45965 0.7193265625 0.3927875 0.5968875 0.3953015625
1 0.8881171875 0.4631453125 0.8452640625 0.39846875 0.7206390625 0.3945359375 0.752996875 0.4600859375 0.8881171875 0.4631453125