1 0.671459375 0.8230390625 0.635646875 0.6164515625 0.4565921875 0.6164515625 0.4467125 0.8262484375 0.671459375 0.8230390625
1 0.4569 0.6192859375 0.278771875 0.625090625 0.22690625 0.82748125 0.445478125 0.8250140625 0.4569 0.6192859375
1 0.6924515625 0.9978828125 0.666828125 0.8214953125 0.4504171875 0.827578125 0.439303125 0.9984375 0.6924515625 0.9978828125
1 0.4507265625 0.8292125 0.2281421875 0.8288125 0.187390625 0.9984375 0.4417734375 0.9984375 0.4507265625 0.8292125
1 0.6344125 0.6202515625 0.6158890625 0.5165875 0.6158890625 0.4973421875 0.4590609375 0.5030125 0.45535625 0.6227203125 0.6344125 0.6202515625
1 0.463075 0.5035171875 0.3084078125 0.5030125 0.278771875 0.6227203125 0.4590609375 0.6190171875 0.463075 0.5035171875
0 0.4652359375 0.5005453125 0.46925 0.3892921875 0.335575 0.3894765625 0.3096421875 0.4993109375 0.4652359375 0.5005453125
0 0.5998359375 0.3894765625 0.4723359375 0.3908359375 0.46153125 0.5005453125 0.617125 0.494375 0.5998359375 0.3894765625
0 0.4738796875 0.3028515625 0.468940625 0.3907109375 0.60230625 0.3882421875 0.588721875 0.303090625 0.4738796875 0.3028515625
0 0.4726453125 0.2993875 0.4714109375 0.305559375 0.35039375 0.305559375 0.336809375 0.3882421875 0.46770625 0.3870078125 0.4726453125 0.2993875
1 0.3318703125 0.392378125 0.1972703125 0.3894765625 0.1515796875 0.4993109375 0.3059375 0.4980765625 0.3318703125 0.392378125
1 0.19233125 0.398115625 0.1944921875 0.3908359375 0.058965625 0.3894765625 0 0.4980765625 0.147875 0.4980765625 0.19233125 0.398115625
1 0.6084796875 0.3907109375 0.6232984375 0.4956078125 0.7727171875 0.493140625 0.7381421875 0.3882421875 0.6084796875 0.3907109375
1 0.867803125 0.3882421875 0.7406109375 0.3882421875 0.7714828125 0.4956078125 0.9283109375 0.490671875 0.867803125 0.3882421875