1 0.7726453125 0.8312609375 0.55214375 0.8243875 0.561278125 0.9984375 0.8170515625 0.9984375 0.7726453125 0.8312609375
1 0.553159375 0.8274546875 0.32885 0.8243875 0.30550625 0.9984375 0.5602640625 0.9978390625 0.553159375 0.8274546875
1 0.7196140625 0.6245640625 0.719359375 0.6231921875 0.5409796875 0.61949375 0.553159375 0.825403125 0.771378125 0.8314890625 0.7196140625 0.6245640625
1 0.36741875 0.6154359375 0.36741875 0.618478125 0.334940625 0.822359375 0.5541734375 0.8264171875 0.5409796875 0.61949375 0.36741875 0.6154359375
1 0.6901796875 0.5026640625 0.5359046875 0.500815625 0.5409796875 0.61949375 0.7196140625 0.6205078125 0.6901796875 0.5026640625
1 0.534128125 0.5013953125 0.383659375 0.4987875 0.36741875 0.618478125 0.5399640625 0.618478125 0.534128125 0.5013953125
0 0.6432375 0.3047453125 0.5288 0.303796875 0.5308296875 0.3879859375 0.663790625 0.3910296875 0.6432375 0.3047453125
0 0.69136875 0.5009640625 0.667134375 0.3918265625 0.530184375 0.3883203125 0.536384375 0.5004015625 0.69136875 0.5009640625
0 0.4112703125 0.3044 0.3966171875 0.38775625 0.5324390625 0.385503125 0.52849375 0.3044 0.527932388671875 0.303838638671875 0.4112703125 0.3044
0 0.4016890625 0.3905734375 0.399434375 0.3917 0.3808375 0.497584375 0.5352578125 0.497584375 0.530184375 0.389446875 0.4016890625 0.3905734375
1 0.693059375 0.5004015625 0.850296875 0.5009640625 0.802880123046875 0.38945218359375 0.6676984375 0.3905734375 0.693059375 0.5004015625
1 0.8039421875 0.38763125 0.80450625 0.3893203125 0.8050703125 0.389884375 0.8495921875 0.4997125 0.9984375 0.501403125 0.9408921875 0.3887578125 0.8039421875 0.38763125
1 0.379428125 0.4967609375 0.40028125 0.389184375 0.265021875 0.38636875 0.2272625 0.49338125 0.379428125 0.4967609375
1 0.2655859375 0.38636875 0.26488125 0.3876 0.1280734375 0.3852421875 0.0711515625 0.4916921875 0.2272625 0.4950703125 0.2655859375 0.38636875