1 0.3930625 0.674140625 0.3849046875 0.8460125 0.556221875 0.8304390625 0.53768125 0.6665390625 0.3930625 0.674140625
1 0.383421875 0.8467546875 0.3752640625 0.9984375 0.5680875 0.9950796875 0.5510296875 0.82895625 0.383421875 0.8467546875
1 0.62121875 0.4543171875 0.6439578125 0.54743125 0.7699296875 0.5456125 0.7349109375 0.4469265625 0.62121875 0.4543171875
1 0.735365625 0.44795 0.76901875 0.5456125 0.8918078125 0.5406109375 0.84041875 0.44374375 0.735365625 0.44795
1 0.997315625 0.5356078125 0.9984375 0.5210546875 0.9468359375 0.441584375 0.8408734375 0.444653125 0.8927171875 0.5406109375 0.997315625 0.5356078125
1 0.27310625 0.5613984375 0.292715625 0.4649015625 0.1812734375 0.4619125 0.1434875 0.56091875 0.27310625 0.5613984375
1 0.17696875 0.4639453125 0.0674390625 0.4647828125 0.01721875 0.5628328125 0.1439671875 0.565703125 0.17696875 0.4639453125
0 0.2726015625 0.55854375 0.2494765625 0.6847265625 0.378884375 0.6802796875 0.3882234375 0.5557640625 0.2726015625 0.55854375
0 0.2946015625 0.459446875 0.2752296875 0.55658125 0.391096875 0.5551203125 0.3947515625 0.4608171875 0.2946015625 0.459446875
0 0.4083265625 0.465265625 0.4063765625 0.5548671875 0.521815625 0.5505765625 0.514015625 0.4620484375 0.4083265625 0.465265625
0 0.531175 0.656265625 0.521425 0.550284375 0.4024765625 0.5548671875 0.398965625 0.660946875 0.531175 0.656265625