1 0.4828109375 0.9264609375 0.4536140625 0.7197328125 0.3001140625 0.736375 0.3026171875 0.9498046875 0.4828109375 0.9264609375
1 0.1167921875 0.745803125 0.094059375 0.9841171875 0.3009484375 0.9524359375 0.29594375 0.73650625 0.1167921875 0.745803125
1 0.716396875 0.7155625 0.7622796875 0.880671875 0.8857453125 0.86483125 0.826515625 0.7030921875 0.716396875 0.7155625
1 0.92286875 0.7040921875 0.8290171875 0.7072609375 0.8832421875 0.8664984375 0.989190625 0.8514921875 0.92286875 0.7040921875
1 0.437971875 0.5612296875 0.457784375 0.71796875 0.5937640625 0.7104640625 0.5587265625 0.5587296875 0.437971875 0.5612296875
1 0.52869375 0.435340625 0.4119015625 0.43088125 0.4319234375 0.5570625 0.5562234375 0.560396875 0.52869375 0.435340625
1 0.531821875 0.43609375 0.5628984375 0.5628984375 0.6663421875 0.5620640625 0.6304703125 0.44034375 0.531821875 0.43609375
1 0.56310625 0.5612296875 0.5937640625 0.7121328125 0.71389375 0.704628125 0.6705140625 0.560396875 0.56310625 0.5612296875
1 0.4053421875 0.3243109375 0.416721875 0.4309984375 0.5326890625 0.4326234375 0.5088453125 0.3351421875 0.4053421875 0.3243109375
1 0.512096875 0.33746875 0.5316046875 0.4347890625 0.6286046875 0.4434546875 0.60096875 0.34705625 0.512096875 0.33746875
0 0.453390625 0.720503125 0.48651875 0.9230875 0.6417515625 0.9026546875 0.5910171875 0.70816875 0.453390625 0.720503125
0 0.591775 0.711953125 0.63115 0.9018984375 0.7659375 0.881465625 0.715203125 0.702115625 0.591775 0.711953125
0 0.3890390625 0.232890625 0.4051328125 0.3254359375 0.50834375 0.33606875 0.488128125 0.2462140625 0.3890390625 0.232890625
0 0.5780390625 0.262696875 0.4875953125 0.2488734375 0.506215625 0.3355375 0.6025109375 0.347765625 0.5780390625 0.262696875
0 0.6019796875 0.346171875 0.687634375 0.355209375 0.6594375 0.2754578125 0.5780390625 0.262165625 0.6019796875 0.346171875
0 0.6590390625 0.275453125 0.68923125 0.35893125 0.7711609375 0.3669078125 0.734984375 0.2866234375 0.6590390625 0.275453125
0 0.282634375 0.21693125 0.2843640625 0.308421875 0.40406875 0.3217140625 0.389171875 0.232390625 0.282634375 0.21693125
0 0.1647484375 0.1971921875 0.1570671875 0.2920921875 0.2884609375 0.3078484375 0.2828015625 0.215728125 0.1647484375 0.1971921875
0 0.0389125 0.179 0.0131390625 0.275121875 0.1542375 0.2949203125 0.16434375 0.1967390625 0.0389125 0.179
0 0.8075140625 0.299465625 0.736725 0.2893265625 0.769975 0.3672625 0.8447859375 0.375034375 0.8075140625 0.299465625
0 0.8728078125 0.3101078125 0.8061734375 0.29839375 0.84425 0.3766421875 0.9171859375 0.386021875 0.8728078125 0.3101078125
0 0.9332734375 0.3203671875 0.870796875 0.3109890625 0.9142359375 0.385753125 0.97698125 0.3948640625 0.9332734375 0.3203671875
1 0 0.99746875 0.0885859375 0.9871828125 0.1069640625 0.746940625 0 0.75463125 0 0.99746875