0 0.4980921875 0.293134375 0.5007328125 0.34418125 0.58591875 0.341015625 0.578878125 0.290709375 0.4980921875 0.293134375
0 0.49853125 0.34285625 0.5014359375 0.4022265625 0.59929375 0.39835625 0.5880296875 0.33785 0.49853125 0.34285625
0 0.288646875 0.2236140625 0.2214140625 0.2258375 0.2038125 0.2631265625 0.27491875 0.261015625 0.288646875 0.2236140625
0 0.2182453125 0.22889375 0.1555875 0.227596875 0.135875 0.2624234375 0.205925 0.2638296875 0.2182453125 0.22889375
0 0.1315625 0.2636546875 0.100321875 0.3035828125 0.1816359375 0.307803125 0.2024046875 0.2648859375 0.1315625 0.2636546875
0 0.198884375 0.264975 0.17846875 0.3042859375 0.2562625 0.303934375 0.2745671875 0.263478125 0.198884375 0.264975
0 0.0982109375 0.3060453125 0.0976828125 0.3063359375 0.065121875 0.355646875 0.149603125 0.3542390625 0.1777640625 0.306396875 0.0982109375 0.3060453125
0 0.1777640625 0.3058953125 0.1471390625 0.3535359375 0.23655 0.3510734375 0.2548546875 0.30569375 0.1777640625 0.3058953125
0 0.062921875 0.3600171875 0.0226171875 0.41800625 0.11941875 0.416246875 0.1514515625 0.3560921875 0.062921875 0.3600171875
0 0.2362859375 0.355740625 0.147228125 0.3553875 0.1169546875 0.41554375 0.2123484375 0.4127296875 0.2362859375 0.355740625
0 0.208125 0.41721875 0.1201234375 0.4144890625 0.074009375 0.4883640625 0.1838359375 0.4873078125 0.208125 0.41721875
0 0.1436203125 0.579625 0.179315625 0.4876546875 0.07334375 0.487096875 0.025378125 0.5757234375 0.137484375 0.5790671875 0.1436203125 0.579625
1 0.50245625 0.4021734375 0.5047453125 0.47489375 0.612103125 0.469071875 0.5987875 0.3983765625 0.50245625 0.4021734375
1 0.503496875 0.4744734375 0.5080734375 0.565965625 0.6270828125 0.56014375 0.61251875 0.468240625 0.503496875 0.4744734375
1 0.508490625 0.566446875 0.5126515625 0.6803890625 0.6483046875 0.674984375 0.630828125 0.5631203125 0.508490625 0.566446875
1 0.51181875 0.6851296875 0.5159796875 0.8413890625 0.6803453125 0.8364 0.6508015625 0.6800390625 0.51181875 0.6851296875
1 0.5170203125 0.845334375 0.5176453125 0.9984375 0.71405 0.9984375 0.679928125 0.84030625 0.5170203125 0.845334375
1 0.4180703125 0.29618125 0.4129703125 0.348028125 0.497996875 0.343853125 0.4957859375 0.29006875 0.4180703125 0.29618125
1 0.4162265625 0.2986390625 0.3362984375 0.3001390625 0.32573125 0.350975 0.4122328125 0.3482734375 0.4162265625 0.2986390625
1 0.4134625 0.346865625 0.40731875 0.40770625 0.502175 0.40353125 0.4977515625 0.3436078125 0.4134625 0.346865625
1 0.3249953125 0.348765625 0.3108640625 0.4095296875 0.408546875 0.4067234375 0.4110046875 0.3477828125 0.3249953125 0.348765625
1 0.2598734375 0.3026328125 0.23923125 0.350484375 0.3227828125 0.3502390625 0.3362984375 0.300384375 0.2598734375 0.3026328125
1 0.323459375 0.3505515625 0.23628125 0.351465625 0.2141640625 0.4101625 0.3109875 0.408196875 0.323459375 0.3505515625