1 0.70961875 0.5515921875 0.5362109375 0.5570078125 0.5085734375 0.6837328125 0.7009484375 0.6837328125 0.70961875 0.5515921875
1 0.924346875 0.6886078125 0.90700625 0.546778125 0.7092125 0.5532171875 0.7032515625 0.6869828125 0.924346875 0.6886078125
1 0.400840625 0.513775 0.5433359375 0.5070140625 0.5620953125 0.415646875 0.4339703125 0.427215625 0.400840625 0.513775
1 0.5772625 0.3418671875 0.4555234375 0.356978125 0.431975 0.4267859375 0.5652890625 0.4140203125 0.5772625 0.3418671875
1 0.594725 0.2780046875 0.479471875 0.29275625 0.454725 0.3537875 0.5772625 0.3398265625 0.594725 0.2780046875
1 0.48146875 0.2934703125 0.371703125 0.3071171875 0.3417671875 0.3701421875 0.455125 0.356978125 0.48146875 0.2934703125
1 0.3402703125 0.3693078125 0.3066421875 0.4391515625 0.430378125 0.42798125 0.4559234375 0.357378125 0.3402703125 0.3693078125
1 0.3086390625 0.4403484375 0.269521875 0.519728125 0.4020390625 0.51374375 0.4291796875 0.4259875 0.3086390625 0.4403484375
0 0.544234375 0.5082859375 0.4001421875 0.5130734375 0.3654171875 0.6163859375 0.5198859375 0.6163859375 0.544234375 0.5082859375
0 0.3991453125 0.51599375 0.268425 0.522246875 0.2237203125 0.623965625 0.363421875 0.619178125 0.3991453125 0.51599375
0 0.5210828125 0.6167859375 0.514696875 0.6159875 0.360228125 0.6179828125 0.3211125 0.748021875 0.49274375 0.756 0.5210828125 0.6167859375
0 0.2220234375 0.6237625 0.1690375 0.7428359375 0.3215109375 0.7496171875 0.361425 0.6199765625 0.2220234375 0.6237625