1 0.5786484375 0.8551890625 0.4351125 0.7560953125 0.278403125 0.8468734375 0.4330328125 0.9729953125 0.5786484375 0.8551890625
1 0.4296859375 0.97720625 0.2738953125 0.8530640625 0.067728125 0.9765140625 0.092690625 0.9984375 0.395015625 0.9984375 0.4296859375 0.97720625
1 0.462471875 0.52234375 0.461684375 0.5625796875 0.60480625 0.5660078125 0.595346875 0.5259453125 0.462471875 0.52234375
1 0.5827359375 0.4663015625 0.4602203125 0.464275 0.462471875 0.52369375 0.5962484375 0.5263953125 0.5827359375 0.4663015625
1 0.5709125 0.41788125 0.45796875 0.4156609375 0.4602203125 0.464275 0.582284375 0.4665265625 0.5709125 0.41788125
1 0.45841875 0.3760484375 0.461121875 0.4188109375 0.5701234375 0.4188109375 0.5606640625 0.3755984375 0.45841875 0.3760484375
1 0.55120625 0.346375 0.454815625 0.3467890625 0.4575171875 0.3769484375 0.561565625 0.3760484375 0.55120625 0.346375
0 0.5491984375 0.6484671875 0.711021875 0.6506828125 0.678878125 0.570375 0.534790625 0.5648375 0.5491984375 0.6484671875
0 0.54864375 0.6464578125 0.5708125 0.754803125 0.75036875 0.75701875 0.7099125 0.650128125 0.54864375 0.6464578125
0 0.3823890625 0.6434828125 0.54864375 0.6484671875 0.5358984375 0.5659453125 0.38793125 0.56206875 0.3823890625 0.6434828125
0 0.3762921875 0.7559109375 0.568040625 0.7552171875 0.548090625 0.6490203125 0.3823890625 0.64514375 0.3762921875 0.7559109375
1 0.5815546875 0.8497359375 0.6957640625 0.7612625 0.43861875 0.7542609375 0.5815546875 0.8497359375