0 0.7203125 0.4359375 0.715625 0.4203125 0.6203125 0.3578125 0.5703125 0.428125 0.5671875 0.4375 0.584375 0.453125 0.675 0.521875 0.7203125 0.4359375
0 0.759375 0.3421875 0.675 0.2859375 0.6640625 0.290625 0.6296875 0.3484375 0.6328125 0.365625 0.7265625 0.425 0.765625 0.353125 0.759375 0.3421875
0 0.3359375 0.15 0.315625 0.128125 0.265625 0.0953125 0.1921875 0.134375 0.196875 0.15 0.2625 0.2 0.2828125 0.1921875 0.3359375 0.15
0 0.2453125 0.0765625 0.190625 0.0375 0.1140625 0.075 0.1203125 0.0875 0.18125 0.134375 0.2578125 0.0921875 0.2453125 0.0765625
0 0.315625 0.0359375 0.2671875 0.003125 0.2015625 0.03125 0.20625 0.04375 0.2625 0.0859375 0.3265625 0.05 0.315625 0.0359375
0 0.40625 0.1015625 0.3890625 0.084375 0.334375 0.053125 0.278125 0.084375 0.275 0.0921875 0.28125 0.1015625 0.34375 0.1453125 0.40625 0.1015625
0 0.4609375 0.0625 0.4 0.015625 0.359375 0.0359375 0.3484375 0.0453125 0.3484375 0.053125 0.4078125 0.096875 0.4609375 0.0625
0 0.2515625 0.20625 0.2296875 0.178125 0.1828125 0.1453125 0.0984375 0.19375 0.0984375 0.20625 0.1703125 0.2671875 0.234375 0.225 0.2515625 0.20625
0 0.171875 0.1390625 0.15 0.1140625 0.1046875 0.08125 0.0078125 0.125 0.0140625 0.1375 0.0796875 0.1890625 0.096875 0.1859375 0.171875 0.1390625
0 0 0.303125 0.05 0.346875 0.059375 0.3484375 0.075 0.3390625 0.1625 0.275 0.1578125 0.2640625 0.084375 0.2015625 0.028125 0.2265625 0 0.2421875 0 0.303125
1 0.5629484375 0.44241875 0.4842796875 0.5476109375 0.615634375 0.648653125 0.678425 0.52668125 0.5629484375 0.44241875
1 0.4878875 0.5449046875 0.3926203125 0.676078125 0.5376875 0.804546875 0.615634375 0.65081875 0.4878875 0.5449046875
1 0.39550625 0.679146875 0.262709375 0.8427984375 0.41788125 0.9984375 0.53335625 0.8059890625 0.39550625 0.679146875
1 0.5241328125 0.281446875 0.45674375 0.354890625 0.5633328125 0.4381359375 0.62015 0.3504859375 0.5241328125 0.281446875
1 0.619709375 0.3513671875 0.6686 0.279575 0.576546875 0.217471875 0.5245734375 0.2822171875 0.619709375 0.3513671875
1 0.518846875 0.277921875 0.4294359375 0.2113046875 0.358965625 0.2778125 0.4541015625 0.35356875 0.518846875 0.277921875
1 0.49296875 0.159115625 0.4304734375 0.209584375 0.5221609375 0.2803015625 0.5751984375 0.2173953125 0.49296875 0.159115625
1 0.358934375 0.2745453125 0.4263625 0.2088640625 0.3461890625 0.1491453125 0.2717703125 0.2058828125 0.358934375 0.2745453125
1 0.4288296875 0.209171875 0.48926875 0.1595265625 0.4115609375 0.1030953125 0.34824375 0.150378125 0.4288296875 0.209171875