1 0.17141875 0.6361125 0.2005609375 0.5212859375 0.056225 0.534696875 0.0137140625 0.64570625 0.17141875 0.6361125
1 0.236559375 0.42100625 0.205703125 0.5189359375 0.3627234375 0.4990640625 0.3764375 0.4065546875 0.236559375 0.42100625
1 0.52454375 0.3839421875 0.3778078125 0.4031296875 0.35998125 0.49769375 0.52934375 0.47850625 0.52454375 0.3839421875
1 0.384909375 0.3277359375 0.2509671875 0.3444515625 0.2329796875 0.4223484375 0.3764515625 0.4048 0.384909375 0.3277359375
1 0.51949375 0.3067875 0.38373125 0.326046875 0.3768796875 0.4069390625 0.526346875 0.3834 0.51949375 0.3067875
1 0.521421875 0.240475 0.3880140625 0.2605625 0.382875 0.326046875 0.52591875 0.30593125 0.521421875 0.240475
1 0.270346875 0.280090625 0.2501109375 0.3453078125 0.3854453125 0.326046875 0.39186875 0.25885 0.270346875 0.280090625
1 0.400434375 0.2035359375 0.281375 0.2237546875 0.2693828125 0.2746859375 0.39015625 0.25970625 0.400434375 0.2035359375
1 0.2387328125 0.763534375 0.2170109375 0.876803125 0.429309375 0.8669734375 0.4358671875 0.74983125 0.2387328125 0.763534375
0 0.3506203125 0.6163078125 0.171928125 0.63760625 0.1375015625 0.7703109375 0.330128125 0.7580234375 0.3506203125 0.6163078125
0 0.2069703125 0.51558125 0.176846875 0.6343296875 0.353078125 0.61385 0.3645546875 0.4958890625 0.2069703125 0.51558125
0 0.3620953125 0.498346875 0.3538984375 0.6163078125 0.5350484375 0.596646875 0.5252125 0.4819640625 0.3620953125 0.498346875
0 0.3514390625 0.61086875 0.3317671875 0.7563859375 0.5383265625 0.742459375 0.5317703125 0.5991046875 0.3514390625 0.61086875