0 0 0.753746875 0.1296875 0.7615546875 0.171875 0.598046875 0.0109375 0.5913484375 0 0.649125 0 0.753746875
0 0.1671875 0.5975953125 0.1390625 0.7599921875 0.303125 0.763115625 0.3125 0.6022796875 0.1671875 0.5975953125
0 0.31640625 0.55703125 0.3140625 0.7084625 0.4546875 0.703778125 0.446875 0.5569953125 0.31640625 0.55703125
0 0.4453125 0.484765625 0.4484375 0.6022796875 0.5796875 0.6069640625 0.565625 0.4867265625 0.4453125 0.484765625
0 0.55859375 0.457421875 0.571875 0.5694875 0.6875 0.5663640625 0.659375 0.4617421875 0.55859375 0.457421875
0 0.6671875 0.5023421875 0.771484375 0.50625 0.7421875 0.4102125 0.646875 0.4086515625 0.6671875 0.5023421875
0 0.716165625 0.33760625 0.7432171875 0.41225625 0.8300078125 0.4237796875 0.7956296875 0.344928125 0.716165625 0.33760625
0 0.7615328125 0.27840625 0.8001390625 0.3477453125 0.87453125 0.354503125 0.8384609375 0.285790625 0.7615328125 0.27840625
0 0.87354375 0.3523765625 0.79675625 0.3460546875 0.827190625 0.4237796875 0.91454375 0.431665625 0.87354375 0.3523765625
0 0.7713953125 0.509478125 0.8688953125 0.514546875 0.8300078125 0.421615625 0.7398359375 0.409225 0.7713953125 0.509478125
0 0.774778125 0.508915625 0.6727703125 0.503846875 0.699821875 0.61930625 0.8164828125 0.621559375 0.774778125 0.508915625
0 0.6896765625 0.567240625 0.575834375 0.56528125 0.595559375 0.70665 0.7218015625 0.7055234375 0.6896765625 0.567240625
0 0.4603015625 0.7602453125 0.6028859375 0.756865625 0.5769625 0.6064859375 0.4524109375 0.60366875 0.4603015625 0.7602453125
0 0.30433125 0.7039078125 0.29136875 0.8960703125 0.4643875 0.889875 0.45424375 0.7006328125 0.30433125 0.7039078125
0 0.3015140625 0.7630828125 0.13413125 0.7642765625 0.0873546875 0.9884390625 0.279534375 0.9788640625 0.3015140625 0.7630828125
1 0.4441703125 0.3556984375 0.4462203125 0.4514734375 0.5585578125 0.4529203125 0.5431296875 0.3608890625 0.4441703125 0.3556984375
1 0.5448171875 0.3641359375 0.556146875 0.454365625 0.6602890625 0.459665625 0.6381109375 0.372453125 0.5448171875 0.3641359375