0 0.428125 0.565625 0.30625 0.5671875 0.284375 0.65 0.2828125 0.6640625 0.2921875 0.66875 0.425 0.6640625 0.428125 0.565625
0 0.4390625 0.5640625 0.43125 0.5703125 0.4328125 0.665625 0.5671875 0.665625 0.553125 0.56875 0.4390625 0.5640625
0 0.671875 0.56875 0.5609375 0.5671875 0.55625 0.5765625 0.575 0.6671875 0.70625 0.6640625 0.671875 0.56875
0 0.425 0.6703125 0.2859375 0.66875 0.278125 0.678125 0.2515625 0.7921875 0.2515625 0.809375 0.275 0.8140625 0.4171875 0.809375 0.425 0.6703125
0 0.5890625 0.8046875 0.5796875 0.7234375 0.565625 0.6703125 0.4328125 0.66875 0.4265625 0.734375 0.425 0.790625 0.43125 0.8109375 0.5625 0.8109375 0.5890625 0.8046875
1 0.2449234375 0.8095265625 0.188559375 0.9984375 0.4162390625 0.9984375 0.41920625 0.814715625 0.2449234375 0.8095265625
1 0.4436921875 0.56171875 0.564140625 0.5620890625 0.5503671875 0.489671875 0.441934375 0.4861578125 0.4436921875 0.56171875
1 0.4407625 0.434025 0.441934375 0.487328125 0.5538828125 0.4902578125 0.540403125 0.43636875 0.4407625 0.434025
1 0.528240625 0.3855203125 0.43783125 0.384821875 0.44310625 0.434025 0.53864375 0.4346109375 0.528240625 0.3855203125
1 0.5231125 0.347421875 0.4407625 0.3467484375 0.44310625 0.3854078125 0.531025 0.39009375 0.5231125 0.347421875
1 0.515053125 0.314453125 0.4442796875 0.3121890625 0.444865625 0.3479203125 0.523990625 0.34850625 0.515053125 0.314453125
1 0.509671875 0.2885953125 0.4436765625 0.286425 0.443175 0.3148109375 0.515853125 0.316646875 0.509671875 0.2885953125