1 0.590625 0.810834375 0.359375 0.81484375 0.3484375 0.9984375 0.6046875 0.996828125 0.590625 0.810834375
1 0.380859375 0.598046875 0.36875 0.8170875 0.584375 0.8123984375 0.565625 0.598271875 0.380859375 0.598046875
1 0.384765625 0.44375 0.3796875 0.6013984375 0.55625 0.599834375 0.5421875 0.4435375 0.384765625 0.44375
0 0.5293390625 0.3370953125 0.39098125 0.33546875 0.3845 0.4419515625 0.5338484375 0.4464609375 0.5293390625 0.3370953125
0 0.2261359375 0.442515625 0.382809375 0.4436421875 0.389571875 0.3326515625 0.3867546875 0.332584375 0.2464234375 0.332021875 0.2261359375 0.442515625
0 0.3867546875 0.3337125 0.389571875 0.24670625 0.2706578125 0.2435125 0.2531875 0.3314578125 0.3867546875 0.3337125
0 0.402534375 0.25196875 0.3966171875 0.2495234375 0.3901359375 0.33653125 0.51863125 0.3370953125 0.51525 0.2547875 0.402534375 0.25196875
1 0.5156734375 0.25375 0.5245484375 0.3342765625 0.6288109375 0.33653125 0.60965 0.2564796875 0.5156734375 0.25375
1 0.6305015625 0.3387859375 0.526240625 0.3404 0.539765625 0.448153125 0.65868125 0.4492796875 0.6305015625 0.3387859375
1 0.6093671875 0.2544546875 0.63275625 0.3387859375 0.760125 0.338221875 0.7274375 0.2564796875 0.6093671875 0.2544546875
1 0.7629421875 0.338221875 0.6368421875 0.34321875 0.6631890625 0.4504078125 0.807465625 0.447025 0.7629421875 0.338221875
1 0.7622375 0.3347640625 0.881715625 0.3337125 0.834375 0.25704375 0.724478125 0.2553515625 0.7622375 0.3347640625
1 0.8836296875 0.3410703125 0.76519375 0.3399796875 0.80864375 0.4483265625 0.9488046875 0.445521875 0.8836296875 0.3410703125