0 0.71623125 0.581528125 0.75564375 0.716571875 0.9142328125 0.715634375 0.856175095703125 0.585552970703125 0.850421875 0.5808671875 0.71623125 0.581528125
0 0.7178734375 0.5796953125 0.68901875 0.483996875 0.5698421875 0.4811828125 0.5801640625 0.5768390625 0.7178734375 0.5796953125
0 0.7167 0.582040625 0.582040625 0.5787140625 0.5961171875 0.7109453125 0.75470625 0.715634375 0.7167 0.582040625
0 0.450665625 0.5730875 0.582040625 0.5759015625 0.5700765625 0.4788171875 0.5670265625 0.4802453125 0.4591109375 0.47743125 0.450665625 0.5730875
0 0.581103125 0.5787140625 0.58485625 0.5749640625 0.450665625 0.5768390625 0.4431578125 0.70531875 0.594240625 0.7081328125 0.581103125 0.5787140625
0 0.4562953125 0.47764375 0.34275 0.4793078125 0.3192890625 0.5683984375 0.450665625 0.5730875 0.4562953125 0.47764375
0 0.3249203125 0.5712125 0.323746875 0.571484375 0.2911375 0.697815625 0.4431578125 0.70438125 0.4525421875 0.57215 0.3249203125 0.5712125
0 0.3444875 0.4760234375 0.2310859375 0.4760234375 0.191528125 0.566290625 0.3200921875 0.5682671875 0.3444875 0.4760234375
0 0.19086875 0.56563125 0.1911984375 0.5671671875 0.1420796875 0.697409375 0.2904234375 0.698728125 0.3214109375 0.57024375 0.19086875 0.56563125
0 0.2324046875 0.47206875 0.1183453125 0.4760234375 0.068896875 0.5649734375 0.194825 0.5649734375 0.2324046875 0.47206875
0 0.067578125 0.5679921875 0 0.6881859375 0.1433984375 0.6954328125 0.194165625 0.56563125 0.067578125 0.5679921875
1 0.5506296875 0.4429625 0.546175 0.3864984375 0.4513046875 0.3859875 0.442396875 0.443853125 0.5506296875 0.4429625
1 0.55285625 0.4799078125 0.551075 0.443853125 0.4432875 0.44251875 0.4401703125 0.478128125 0.55285625 0.4799078125
1 0.54083125 0.341475 0.452640625 0.3419203125 0.44996875 0.3864328125 0.5448390625 0.3864328125 0.541721875 0.342515625 0.5421671875 0.34325625 0.5421671875 0.341475 0.54083125 0.341475