1 0.593859375 0.9705546875 0.4774234375 0.9689375 0.4751984375 0.9984375 0.601275 0.9984375 0.593859375 0.9705546875
1 0.584959375 0.865953125 0.47835 0.86325625 0.47668125 0.9675859375 0.596825 0.968328125 0.584959375 0.865953125
1 0.48113125 0.8595484375 0.584959375 0.8666953125 0.57309375 0.7836078125 0.475940625 0.77915625 0.48113125 0.8595484375
0 0.48113125 0.716784375 0.4796484375 0.782865625 0.57086875 0.7836078125 0.5627109375 0.722034375 0.48113125 0.716784375
0 0.47835 0.6722859375 0.47890625 0.7190671875 0.56419375 0.719809375 0.554553125 0.6738140625 0.47835 0.6722859375
0 0.0687859375 0.998003125 0.09085 0.955959375 0 0.95275 0.0042640625 0.9984375 0.0687859375 0.998003125
0 0.0020390625 0.9497828125 0.0940015625 0.95275 0.143690625 0.850278125 0.0368953125 0.8459234375 0.0012984375 0.9015625 0.0020390625 0.9497828125
0 0.091034375 0.768028125 0.0443125 0.8422140625 0.1455453125 0.84656875 0.1429484375 0.8533421875 0.1844796875 0.773221875 0.091034375 0.768028125
0 0.0843609375 0.7705515625 0.00055625 0.7665453125 0.0012984375 0.8399890625 0.0354125 0.84518125 0.0843609375 0.7705515625
0 0.187446875 0.7724796875 0.216 0.714003125 0.1355328125 0.71090625 0.0984515625 0.7665453125 0.187446875 0.7724796875
0 0.0917765625 0.7687703125 0.132565625 0.7102953125 0.0502453125 0.704971875 0 0.7628359375 0.0917765625 0.7687703125