1 0.5659109375 0.820140625 0.34525625 0.824009375 0.32659375 0.9984375 0.5768890625 0.9984375 0.5659109375 0.820140625
1 0.559325 0.8179453125 0.5475234375 0.5904203125 0.36940625 0.5919421875 0.3441578125 0.822334375 0.559325 0.8179453125
1 0.551640625 0.5886515625 0.5406625 0.4271234375 0.4715015625 0.427378125 0.3792875 0.457 0.3672109375 0.5908453125 0.551640625 0.5886515625
0 0.58933125 0.26780625 0.5437859375 0.1898765625 0.4285421875 0.2133234375 0.4644265625 0.3022890625 0.58933125 0.26780625
0 0.3043265625 0.2429796875 0.3326203125 0.340909375 0.466496875 0.3015984375 0.428143072265625 0.213989314453125 0.4278515625 0.2140984375 0.3043265625 0.2429796875
0 0.466496875 0.3022890625 0.3291703125 0.3402203125 0.3650546875 0.4622875 0.5154921875 0.41608125 0.466496875 0.3022890625
0 0.648678125 0.3726328125 0.590021875 0.2691859375 0.46580625 0.3043578125 0.5120421875 0.4147015625 0.648678125 0.3726328125
1 0.646953125 0.1640671875 0.541715625 0.186428125 0.590021875 0.26780625 0.703884375 0.2360828125 0.646953125 0.1640671875
1 0.7432203125 0.140221875 0.648672552734375 0.1628163515625 0.7025046875 0.2374625 0.8094671875 0.2112546875 0.7432203125 0.140221875
1 0.907459375 0.18366875 0.8336203125 0.120221875 0.745290625 0.1407765625 0.7446 0.1409109375 0.807396875 0.2091859375 0.907459375 0.18366875
1 0.9169484375 0.100234375 0.8353453125 0.119209375 0.90504375 0.18265625 0.992684375 0.159209375 0.9169484375 0.100234375