1 0.6188234375 0.6447078125 0.70401875 0.59449375 0.621053125 0.4827984375 0.594996875 0.4978734375 0.6188234375 0.6447078125
1 0.703334375 0.595178125 0.7931578125 0.543784375 0.703334375 0.4341453125 0.6203671875 0.4821125 0.703334375 0.595178125
1 0.79024375 0.541 0.863096875 0.49924375 0.7815015625 0.4019390625 0.7081328125 0.4389421875 0.79024375 0.541
1 0.865325 0.4978734375 0.92909375 0.45744375 0.8509265625 0.3724734375 0.7857859375 0.4019390625 0.865325 0.4978734375
1 0.927721875 0.45744375 0.9822328125 0.424434375 0.9085234375 0.3450640625 0.852296875 0.37384375 0.927721875 0.45744375
0 0.478775 0.6307859375 0.613853125 0.64175 0.59396875 0.50675625 0.47603125 0.4930515625 0.478775 0.6307859375
0 0.3334109375 0.6115984375 0.47483125 0.6309953125 0.4732890625 0.494421875 0.3519234375 0.47455 0.3334109375 0.6115984375
0 0.470546875 0.492365625 0.5965390625 0.5050015625 0.58436875 0.4025984375 0.4746609375 0.3847828125 0.470546875 0.492365625
0 0.4722609375 0.3841515625 0.3567234375 0.3676515625 0.347809375 0.4759203125 0.4746609375 0.49168125 0.4722609375 0.3841515625
1 0.34438125 0.5403328125 0.347125 0.4766046875 0.2888421875 0.4252921875 0.1791328125 0.5156640625 0.2826703125 0.6136546875 0.34438125 0.5403328125
1 0.1571921875 0.7528140625 0.287984375 0.61728125 0.1791328125 0.51160625 0.0413125 0.6301546875 0.1571921875 0.7528140625
1 0.1576765625 0.7645515625 0.0491953125 0.636809375 0 0.683871875 0.0004203125 0.915825 0.1576765625 0.7645515625
0 0 0.442075 0.09376875 0.4323984375 0.10228125 0.3150015625 0.004921875 0.32031875 0 0.442075
0 0.10228125 0.404325 0.2422015625 0.3942234375 0.2267734375 0.2947984375 0.1028125 0.2921390625 0.10228125 0.404325
0 0.234753125 0.3681703125 0.3613734375 0.3644484375 0.340625 0.2676828125 0.2278375 0.2692765625 0.234753125 0.3681703125
0 0.100153125 0.2900125 0.2294328125 0.28895 0.21985625 0.2044125 0.104940625 0.201753125 0.100153125 0.2900125
0 0 0.316065625 0.1017484375 0.3120296875 0.1033453125 0.2224890625 0 0.216640625 0 0.316065625
0 0.2297453125 0.268309375 0.339759375 0.2652015625 0.321878125 0.18866875 0.2215828125 0.187890625 0.2297453125 0.268309375
0 0.35064375 0.3223109375 0.4606578125 0.3211453125 0.4346125 0.2337328125 0.3335390625 0.23761875 0.35064375 0.3223109375
0 0.459103125 0.3223109375 0.556871875 0.3164359375 0.5298546875 0.2360640625 0.435390625 0.2345109375 0.459103125 0.3223109375
0 0.55784375 0.3160953125 0.651140625 0.31011875 0.6130453125 0.2348984375 0.527521875 0.2356765625 0.55784375 0.3160953125
0 0.31915625 0.161084375 0.33383125 0.2348 0.4342234375 0.231790625 0.4124546875 0.163415625 0.31915625 0.161084375
0 0.4322796875 0.236453125 0.527715625 0.233828125 0.5006984375 0.1669125 0.41284375 0.16225 0.4322796875 0.236453125
0 0.523634375 0.2333453125 0.6132390625 0.23285625 0.5792234375 0.1665234375 0.5010875 0.165746875 0.523634375 0.2333453125
0 0.6433140625 0.2989765625 0.7272921875 0.2931046875 0.6885875 0.222303125 0.60771875 0.2243765625 0.6433140625 0.2989765625
0 0.609446875 0.2212671875 0.686859375 0.2195359375 0.64884375 0.159790625 0.5755796875 0.15771875 0.609446875 0.2212671875
0 0.6844390625 0.222303125 0.760815625 0.2219578125 0.7224546875 0.1629 0.6495359375 0.1601375 0.6844390625 0.222303125
0 0.726946875 0.2924140625 0.804359375 0.288221875 0.7611609375 0.2216125 0.68755 0.2216125 0.726946875 0.2924140625
0 0.7995203125 0.2789453125 0.8678609375 0.276990625 0.8237125 0.2157421875 0.75805 0.218159375 0.7995203125 0.2789453125
0 0.8669109375 0.2786 0.9391390625 0.2787171875 0.8886828125 0.21470625 0.822675 0.2164328125 0.8669109375 0.2786
0 0.8192203125 0.211596875 0.8855734375 0.211328125 0.8413375 0.160828125 0.7829328125 0.1604828125 0.8192203125 0.211596875
0 0.7170984375 0.1573296875 0.7570140625 0.22023125 0.82025625 0.215396875 0.7825875 0.159790625 0.7170984375 0.1573296875