1 0.56056875 0.9984375 0.558365625 0.8649734375 0.3711421875 0.8583703125 0.3458125 0.9984375 0.56056875 0.9984375
1 0.5539609375 0.8638734375 0.5492796875 0.699609375 0.3942703125 0.6921765625 0.3678390625 0.85726875 0.5539609375 0.8638734375
1 0.542396875 0.58121875 0.416296875 0.5755109375 0.3975734375 0.689975 0.5484546875 0.695478125 0.542396875 0.58121875
0 0.427246875 0.4904515625 0.43840625 0.4272515625 0.3357328125 0.4227890625 0.311925 0.484503125 0.427246875 0.4904515625
0 0.410878125 0.576703125 0.4250140625 0.4903015625 0.30969375 0.485990625 0.2806765625 0.572984375 0.410878125 0.576703125
0 0.5418234375 0.49416875 0.536615625 0.4261296875 0.4376625 0.4250203125 0.4257578125 0.4926828125 0.5418234375 0.49416875
0 0.5433109375 0.5781890625 0.537359375 0.49416875 0.427246875 0.49416875 0.4153421875 0.575959375 0.5433109375 0.5781890625
1 0.560811787109375 0.427261224609375 0.5663765625 0.4949125 0.680953125 0.49714375 0.663096875 0.43096875 0.5596796875 0.4265078125 0.560811787109375 0.427261224609375
1 0.570840625 0.5811640625 0.7047609375 0.58636875 0.680209375 0.49714375 0.5663765625 0.4934265625 0.570840625 0.5811640625
1 0.7955296875 0.5016046875 0.770978125 0.4384046875 0.662353125 0.4339421875 0.683184375 0.499375 0.7955296875 0.5016046875
1 0.681696875 0.5001171875 0.7032734375 0.5893421875 0.8386828125 0.595290625 0.79701875 0.507040625 0.79850625 0.507553125 0.8014828125 0.506809375 0.681696875 0.5001171875