0 0.4759140625 0.7355609375 0.474115625 0.5814984375 0.3224140625 0.592290625 0.3215140625 0.592796875 0.299678125 0.7450609375 0.4759140625 0.7355609375
0 0.466921875 0.4759671875 0.3371859375 0.4824640625 0.322028125 0.5902296875 0.4715453125 0.583553125 0.466921875 0.4759671875
0 0.5976859375 0.4682640625 0.470775 0.475453125 0.47283125 0.57559375 0.6187515625 0.573025 0.5976859375 0.4682640625
0 0.6526625 0.7222078125 0.6213203125 0.5735390625 0.472059375 0.5845828125 0.4689765625 0.5809859375 0.4777109375 0.731709375 0.6526625 0.7222078125
1 0.4801515625 0.7321453125 0.299934375 0.748359375 0.2648671875 0.9719671875 0.4863171875 0.9560484375 0.4801515625 0.7321453125
1 0.8079609375 0.493271875 0.6954375 0.4259984375 0.61965 0.484028125 0.736284375 0.563884375 0.8079609375 0.493271875
1 0.4649953125 0.3962140625 0.3517 0.4010921875 0.3368 0.4796640625 0.4662796875 0.4755546875 0.4649953125 0.3962140625
1 0.87013125 0.431646875 0.760690625 0.375671875 0.6972359375 0.424971875 0.81104375 0.4878796875 0.87013125 0.431646875
1 0.913034375 0.3795234375 0.81335625 0.329709375 0.763259375 0.37413125 0.866534375 0.4293359375 0.913034375 0.3795234375
1 0.4624265625 0.3284265625 0.3591515625 0.3348453125 0.3509296875 0.396984375 0.4662796875 0.394159375 0.4624265625 0.3284265625
1 0.9603046875 0.332475 0.8606265625 0.2917140625 0.8151546875 0.3317046875 0.918171875 0.379721875 0.9603046875 0.332475
1 0.996784375 0.2970421875 0.9004453125 0.261528125 0.8629375 0.2908796875 0.96364375 0.3314484375 0.996784375 0.2970421875
1 0.4601140625 0.27796875 0.3667296875 0.2833640625 0.3606921875 0.33291875 0.463196875 0.3277828125 0.4601140625 0.27796875
1 0.458315625 0.235603125 0.37379375 0.2403328125 0.3666015625 0.2815640625 0.4596 0.27745625 0.458315625 0.235603125