1 0.4959515625 0.75673125 0.3076625 0.7670015625 0.262128125 0.9984375 0.5027203125 0.9984375 0.4959515625 0.75673125
1 0.6851640625 0.7441234375 0.4965671875 0.75673125 0.5036421875 0.9984375 0.7411578125 0.98735625 0.6851640625 0.7441234375
1 0.490721875 0.5909875 0.3338140625 0.6020578125 0.303046875 0.764725 0.49564375 0.7573453125 0.490721875 0.5909875
1 0.6470140625 0.582684375 0.4931828125 0.5912953125 0.4965671875 0.75519375 0.6827015625 0.743815625 0.6470140625 0.582684375
1 0.48764375 0.51831875 0.3482734375 0.5256984375 0.334121875 0.5994984375 0.4885671875 0.5939640625 0.48764375 0.51831875
1 0.6319375 0.513090625 0.4891828125 0.5185640625 0.4873375 0.586890625 0.6457828125 0.5832015625 0.6319375 0.513090625
0 0.4870296875 0.4254109375 0.3624265625 0.4309453125 0.34858125 0.523196875 0.4873375 0.517046875 0.4870296875 0.4254109375
0 0.6076328125 0.42110625 0.486875 0.4239578125 0.488875 0.5182765625 0.6267078125 0.5099734375 0.6076328125 0.42110625
0 0.4851828125 0.3531484375 0.3741171875 0.3577609375 0.360271875 0.4294078125 0.4864140625 0.42571875 0.4851828125 0.3531484375
0 0.5937875 0.3485359375 0.48610625 0.353196875 0.4842609375 0.4232578125 0.60455625 0.4186453125 0.5937875 0.3485359375
1 0.686825 0.3635734375 0.6210640625 0.3906984375 0.6769078125 0.4419484375 0.74475625 0.4085640625 0.686825 0.3635734375
1 0.8137125 0.3787 0.7505625 0.3410109375 0.68936875 0.3651375 0.746125 0.40765 0.8137125 0.3787
1 0.4806734375 0.2756453125 0.3863390625 0.2800796875 0.3794234375 0.3312 0.4825 0.3279390625 0.4806734375 0.2756453125
1 0.5747453125 0.274471875 0.4821078125 0.2756953125 0.48145625 0.3282 0.586228125 0.3254609375 0.5747453125 0.274471875