1 0.479859375 0.11339375 0.3507375 0.074809375 0.3467890625 0.1530015625 0.4855625 0.1899796875 0.479859375 0.11339375
1 0.348396875 0.1543484375 0.3495671875 0.240228125 0.4952140625 0.2734046875 0.486440625 0.19258125 0.348396875 0.1543484375
1 0.350590625 0.2453765625 0.3505171875 0.34506875 0.5068390625 0.3743 0.4985046875 0.2762296875 0.350590625 0.2453765625
1 0.35095625 0.3481046875 0.3506640625 0.467009375 0.51736875 0.4851328125 0.5077171875 0.3739078125 0.35095625 0.3481046875
0 0.2491796875 0.529753125 0.259415625 0.6855546875 0.4606296875 0.6757625 0.436209375 0.5331140625 0.24927198828125 0.5287318515625 0.2491796875 0.529753125
0 0.62696875 0.66693125 0.59640625 0.5364140625 0.438915625 0.534221875 0.4384765625 0.5340765625 0.46304375 0.674384375 0.62696875 0.66693125
0 0.4626046875 0.67693125 0.2591953125 0.68809375 0.271771875 0.8701671875 0.48775625 0.8440046875 0.4626046875 0.67693125
0 0.661334375 0.8174875 0.6259453125 0.66855625 0.4633359375 0.67469375 0.488340625 0.84058125 0.661334375 0.8174875
1 0.7290390625 0.5377578125 0.59786875 0.5355734375 0.6272609375 0.6660828125 0.7689609375 0.66140625 0.7290390625 0.5377578125
1 0.768375 0.6606984375 0.6296015625 0.6694671875 0.6644046875 0.8181078125 0.8077109375 0.796915625 0.768375 0.6606984375
1 0.8494609375 0.5428515625 0.731890625 0.539303125 0.7697640625 0.6594828125 0.8886515625 0.654075 0.8494609375 0.5428515625
1 0.8868234375 0.6548453125 0.771446875 0.6608375 0.809759375 0.7970546875 0.9344953125 0.7780546875 0.8868234375 0.6548453125
1 0.99445 0.65073125 0.951165625 0.542284375 0.8499734375 0.5418625 0.85011875 0.54286875 0.88799375 0.65295 0.99445 0.65073125
1 0.9984375 0.668959375 0.9937921875 0.6517140625 0.889675 0.6553671875 0.9372 0.77886875 0.9984375 0.7727296875 0.9984375 0.668959375
1 0.7039921875 0.9954796875 0.665059375 0.8174390625 0.487346875 0.8403921875 0.5146546875 0.9984375 0.6768234375 0.9979984375 0.7039921875 0.9954796875