0 0.347853125 0.739240625 0.3268359375 0.9276734375 0.522165625 0.914984375 0.5090546875 0.72690625 0.347853125 0.739240625
0 0.112609375 0.9451671875 0.3278 0.9327125 0.3432265625 0.740903125 0.178940625 0.74938125 0.112609375 0.9451671875
0 0.348046875 0.736778125 0.3617375 0.60678125 0.2182765625 0.61371875 0.182025 0.747840625 0.348046875 0.736778125
0 0.3455390625 0.73781875 0.514453125 0.7239453125 0.49825625 0.5967609375 0.36019375 0.60446875 0.3455390625 0.73781875
1 0.637859375 0.5889328125 0.497484375 0.5998734375 0.515225 0.7245953125 0.6741109375 0.713803125 0.637859375 0.5889328125
1 0.7774640625 0.5835359375 0.637859375 0.5889328125 0.675653125 0.7153453125 0.8353109375 0.7076375 0.7774640625 0.5835359375
1 0.9911125 0.6945328125 0.907234375 0.57480625 0.7774640625 0.5843078125 0.837625 0.705325 0.9911125 0.6945328125
1 0.360965625 0.60049375 0.497484375 0.5940890625 0.4959421875 0.525725 0.3709921875 0.5295796875 0.360965625 0.60049375
1 0.4849515625 0.4504359375 0.3763921875 0.4555828125 0.372534375 0.533434375 0.4951703125 0.5249546875 0.4849515625 0.4504359375
1 0.4830234375 0.393553125 0.384875 0.397771875 0.38101875 0.4548109375 0.489 0.4501859375 0.4830234375 0.393553125
1 0.095378125 0.649103125 0.0873546875 0.7866765625 0.1757796875 0.7553203125 0.22070625 0.6163515625 0.095378125 0.649103125
1 0.00035625 0.819459375 0.085571875 0.78905 0.098765625 0.651984375 0 0.678353125 0.00035625 0.819459375
1 0.47855625 0.344978125 0.39336875 0.3485765625 0.3873859375 0.3959875 0.4810203125 0.3900078125 0.47855625 0.344978125
1 0.47433125 0.3063359375 0.3958328125 0.308040625 0.3902015625 0.34779375 0.4789078125 0.3439234375 0.47433125 0.3063359375