1 0.4842125 0.9984375 0.726084375 0.9984375 0.6681390625 0.74979375 0.471075 0.7638609375 0.4842125 0.9984375
1 0.4701375 0.7723 0.2627515625 0.78918125 0.2374140625 0.9984375 0.483275 0.9984375 0.4701375 0.7723
1 0.4598140625 0.5867328125 0.29371875 0.6034953125 0.26744375 0.7938703125 0.4701375 0.770425 0.4598140625 0.5867328125
1 0.62685 0.571609375 0.46450625 0.5867328125 0.467321875 0.7685484375 0.6653234375 0.7479171875 0.62685 0.571609375
1 0.324253125 0.3794921875 0.4543109375 0.371465625 0.4213515625 0.3033765625 0.310890625 0.3300828125 0.324253125 0.3794921875
1 0.3105328125 0.3266046875 0.4216984375 0.3035046875 0.39526875 0.247065625 0.29469375 0.26764375 0.3105328125 0.3266046875
1 0.2936453125 0.267340625 0.39623125 0.2478359375 0.3749640625 0.1999734375 0.2816078125 0.216815625 0.2936453125 0.267340625
1 0.2832125 0.2165484375 0.376034375 0.2007765625 0.3562390625 0.163884375 0.2709078125 0.1793890625 0.2832125 0.2165484375
1 0.2695703125 0.1796578125 0.35610625 0.1649125 0.340190625 0.1302015625 0.261278125 0.1430328125 0.2695703125 0.1796578125
0 0.455909375 0.3704125 0.459246875 0.466390625 0.5945921875 0.4519390625 0.576421875 0.3611484375 0.455909375 0.3704125
0 0.45563125 0.371828125 0.3339125 0.380046875 0.319821875 0.47454375 0.4599875 0.46565 0.45563125 0.371828125
0 0.4593390625 0.465921875 0.462584375 0.5916453125 0.62314375 0.57608125 0.59385 0.4508265625 0.4593390625 0.465921875
0 0.4607296875 0.4634265625 0.3183390625 0.4741734375 0.2969046875 0.604015625 0.4612859375 0.5912328125 0.4607296875 0.4634265625