1 0.56750625 0.833846875 0.3269875 0.823628125 0.289503125 0.9984375 0.5433703125 0.9984375 0.56750625 0.833846875
1 0.5689265625 0.674340625 0.369865625 0.666753125 0.329259375 0.8148296875 0.5621109375 0.83015625 0.5689265625 0.674340625
1 0.5819890625 0.5477296875 0.409621875 0.5460671875 0.37469375 0.6638109375 0.5714828125 0.67005625 0.5819890625 0.5477296875
1 0.830225 0.36266875 0.680125 0.3703625 0.682325 0.4493109375 0.8538671875 0.4456484375 0.830225 0.36266875
1 0.87824375 0.544746875 0.8544171875 0.446746875 0.6808578125 0.4500265625 0.6819578125 0.452425 0.6850734375 0.5454796875 0.87824375 0.544746875
1 0.9984375 0.37274375 0.9964546875 0.3599203125 0.834440625 0.3628515625 0.855884375 0.44528125 0.9984375 0.441984375 0.9984375 0.37274375
1 0.9984375 0.4439984375 0.8566171875 0.4471125 0.882275 0.5467609375 0.9984375 0.546578125 0.9984375 0.4439984375
0 0.5284671875 0.374940625 0.3891796875 0.3793375 0.361871875 0.4546234375 0.5167375 0.451509375 0.5284671875 0.374940625
0 0.675634375 0.3692625 0.5304828125 0.3758578125 0.5163703125 0.451875 0.6785671875 0.448578125 0.675634375 0.3692625
0 0.6827828125 0.449128125 0.5211359375 0.453340625 0.5013421875 0.5458453125 0.6869984375 0.548409375 0.6827828125 0.449128125
0 0.5165546875 0.451509375 0.3620546875 0.4564546875 0.3283328125 0.5482265625 0.5050078125 0.5462125 0.5165546875 0.451509375