1 0.63745625 0.679390625 0.4388390625 0.6811984375 0.419303125 0.9296109375 0.665675 0.93178125 0.63745625 0.679390625
1 0.6352859375 0.674328125 0.6135796875 0.507634375 0.4525875 0.50871875 0.450778125 0.5108890625 0.438478125 0.6754125 0.6352859375 0.674328125
1 0.4576515625 0.3918078125 0.3180046875 0.39445625 0.29195625 0.5130578125 0.447884375 0.5116109375 0.4576515625 0.3918078125
1 0.4594609375 0.38939375 0.4639828125 0.2959359375 0.34224375 0.298634375 0.337903125 0.30008125 0.3223453125 0.3901171875 0.4594609375 0.38939375
1 0.340434375 0.3004421875 0.226475 0.3040578125 0.1830609375 0.393009375 0.318728125 0.3890328125 0.340434375 0.3004421875
1 0.315653125 0.3963296875 0.180890625 0.396625 0.1327734375 0.5202890625 0.28580625 0.5163125 0.315653125 0.3963296875
1 0.5792203125 0.156315625 0.474015625 0.16343125 0.470991890625 0.22255308984375 0.58495625 0.2162046875 0.5792203125 0.156315625
1 0.4672921875 0.293090625 0.590690625 0.2873578125 0.585153125 0.2162046875 0.470991888671875 0.222553123046875 0.4708515625 0.225296875 0.4672921875 0.293090625
0 0.57051875 0.1086296875 0.4767703125 0.1117171875 0.47539375 0.1610578125 0.576025 0.15693125 0.57051875 0.1086296875
0 0.5916109375 0.28685625 0.46563125 0.2950453125 0.457796875 0.3872046875 0.6013625 0.3825703125 0.5916109375 0.28685625
0 0.5935296875 0.2897328125 0.600403125 0.3816125 0.7471671875 0.3741015625 0.7207875 0.2815828125 0.59407645703125 0.287408037109375 0.5935296875 0.2897328125
0 0.6146328125 0.508165625 0.6008828125 0.3822515625 0.460434375 0.388571875 0.460034375 0.390559375 0.4510828125 0.5088046875 0.6146328125 0.508165625
0 0.7481265625 0.3734625 0.6029609375 0.3825703125 0.6146328125 0.5062484375 0.7847375 0.5024125 0.7481265625 0.3734625