0 0.572484375 0.5210953125 0.565203125 0.4293484375 0.4575453125 0.430128125 0.458325 0.430128125 0.4549453125 0.5164171875 0.572484375 0.5210953125
0 0.671040625 0.4306484375 0.56624375 0.42985 0.5696234375 0.519015625 0.6884625 0.51875625 0.671040625 0.4306484375
0 0.45514913671875 0.51827514453125 0.4539046875 0.5143375 0.44584375 0.631815625 0.5789859375 0.6338953125 0.5709234375 0.519796875 0.45514913671875 0.51827514453125
0 0.6889828125 0.521615625 0.57144375 0.5182359375 0.581065625 0.63285625 0.713428125 0.6367546875 0.6889828125 0.521615625
0 0.54574375 0.2233125 0.469240625 0.2238921875 0.463325 0.2699109375 0.5455421875 0.2700125 0.54574375 0.2233125
0 0.544440625 0.271515625 0.4605171875 0.271715625 0.452496875 0.3271328125 0.5416328125 0.3295375 0.544440625 0.271515625
1 0.1681421875 0.4511390625 0.0549484375 0.443728125 0 0.5478046875 0.12283125 0.5538984375 0.1681421875 0.4511390625
1 0.279521875 0.46003125 0.1692953125 0.45295 0.1244796875 0.554721875 0.2483828125 0.5609796875 0.279521875 0.46003125
1 0.39106875 0.467771875 0.2829828125 0.4626578125 0.247228125 0.56065 0.375415625 0.5678953125 0.39106875 0.467771875
1 0.770684375 0.5244453125 0.7038734375 0.5952984375 0.824315625 0.6908109375 0.8894796875 0.6011625 0.770684375 0.5244453125
1 0.9984375 0.67316875 0.8906328125 0.602521875 0.8230796875 0.6907484375 0.973675 0.8077109375 0.9984375 0.7550140625 0.9984375 0.67316875